ID,time,Observation,Observation_simBlq,popPred,indivPredMean,indivPredMode,censored,split,color,filter
1,22,608.46,608.46,13.4131,13.5211,13.1626,0,All,#4682B4,0
1,24,650.475,650.475,16.9879,17.1373,16.6422,0,All,#4682B4,0
1,27,844.74,844.74,24.2023,24.4418,23.6489,0,All,#4682B4,0
1,28,964.8,964.8,27.233,27.5126,26.5875,0,All,#4682B4,0
1,32,1107.07,1107.07,43.656,44.1686,42.4755,0,All,#4682B4,0
2,22,536.14,536.14,13.4131,16.0718,15.3582,0,All,#4682B4,0
2,24,1008,1008,16.9879,20.6927,19.6924,0,All,#4682B4,0
2,27,1391.59,1391.59,24.2023,30.2164,28.5782,0,All,#4682B4,0
2,28,1743.75,1743.75,27.233,34.2811,32.3557,0,All,#4682B4,0
2,32,1802.49,1802.49,43.656,56.7913,53.1609,0,All,#4682B4,0
3,22,525.73,525.73,13.4131,13.481,13.4827,0,All,#4682B4,0
3,24,662.7,662.7,16.9879,17.0818,17.0841,0,All,#4682B4,0
3,27,1193.24,1193.24,24.2023,24.3529,24.3565,0,All,#4682B4,0
3,28,1015.14,1015.14,27.233,27.4088,27.4131,0,All,#4682B4,0
3,32,1096.66,1096.66,43.656,43.9781,43.986,0,All,#4682B4,0
4,22,492.63,492.63,13.4131,13.1512,13.1331,0,All,#4682B4,0
4,24,665,665,16.9879,16.6264,16.6015,0,All,#4682B4,0
4,27,865.15,865.15,24.2023,23.6237,23.5839,0,All,#4682B4,0
4,28,1080,1080,27.233,26.5581,26.5117,0,All,#4682B4,0
4,32,1134.68,1134.68,43.656,42.4218,42.3371,0,All,#4682B4,0
5,22,489.28,489.28,13.4131,12.9496,12.5502,0,All,#4682B4,0
5,24,597.861,597.861,16.9879,16.3486,15.7992,0,All,#4682B4,0
5,27,761.359,761.359,24.2023,23.1801,22.3058,0,All,#4682B4,0
5,28,816.75,816.75,27.233,26.0412,25.0232,0,All,#4682B4,0
5,32,847,847,43.656,41.4794,39.6316,0,All,#4682B4,0
6,22,468.29,468.29,13.4131,12.8416,12.7895,0,All,#4682B4,0
6,24,597.861,597.861,16.9879,16.1999,16.1282,0,All,#4682B4,0
6,27,733.163,733.163,24.2023,22.9431,22.8289,0,All,#4682B4,0
6,28,928.464,928.464,27.233,25.7651,25.6321,0,All,#4682B4,0
6,32,1248.08,1248.08,43.656,40.9772,40.7356,0,All,#4682B4,0
7,22,460.2,460.2,13.4131,13.2395,12.6719,0,All,#4682B4,0
7,24,671.058,671.058,16.9879,16.7483,15.9664,0,All,#4682B4,0
7,27,760.725,760.725,24.2023,23.8186,22.5714,0,All,#4682B4,0
7,28,816.48,816.48,27.233,26.7854,25.3324,0,All,#4682B4,0
7,32,989.597,989.597,43.656,42.837,40.1916,0,All,#4682B4,0
8,22,429.13,429.13,13.4131,11.2771,11.5681,0,All,#4682B4,0
8,24,583.176,583.176,16.9879,14.0591,14.4554,0,All,#4682B4,0
8,27,644.516,644.516,24.2023,19.5617,20.1831,0,All,#4682B4,0
8,28,714.07,714.07,27.233,21.8384,22.5581,0,All,#4682B4,0
8,32,848.318,848.318,43.656,33.9215,35.2022,0,All,#4682B4,0
8,34,1039.68,1039.68,55.2734,42.2765,43.9744,0,All,#4682B4,0
8,36,1288.41,1288.41,69.9834,52.691,54.9342,0,All,#4682B4,0
9,22,427.88,427.88,13.4131,11.7509,11.504,0,All,#4682B4,0
9,24,617.463,617.463,16.9879,14.7047,14.368,0,All,#4682B4,0
9,27,588.062,588.062,24.2023,20.5751,20.046,0,All,#4682B4,0
9,28,716.107,716.107,27.233,23.0127,22.3992,0,All,#4682B4,0
9,32,921.984,921.984,43.656,36.014,34.9189,0,All,#4682B4,0
9,34,914.837,914.837,55.2734,45.0526,43.5985,0,All,#4682B4,0
9,36,1072.17,1072.17,69.9834,56.3614,54.4372,0,All,#4682B4,0
10,22,387.77,387.77,13.4131,12.0947,11.7027,0,All,#4682B4,0
10,24,631.75,631.75,16.9879,15.1748,14.639,0,All,#4682B4,0
10,27,668.039,668.039,24.2023,21.3165,20.4717,0,All,#4682B4,0
10,28,720,720,27.233,23.8732,22.8928,0,All,#4682B4,0
10,32,1038.16,1038.16,43.656,37.557,35.7997,0,All,#4682B4,0
10,34,1137.03,1137.03,55.2734,47.1063,44.7678,0,All,#4682B4,0
10,36,1224.5,1224.5,69.9834,59.0853,55.9843,0,All,#4682B4,0
11,22,380.96,380.96,13.4131,11.3808,11.2224,0,All,#4682B4,0
11,24,527.589,527.589,16.9879,14.2003,13.9848,0,All,#4682B4,0
11,27,530.16,530.16,24.2023,19.7829,19.4454,0,All,#4682B4,0
11,28,655,655,27.233,22.0944,21.7037,0,All,#4682B4,0
11,32,871.2,871.2,43.656,34.3764,33.6826,0,All,#4682B4,0
11,34,1007.19,1007.19,55.2734,42.8792,41.9603,0,All,#4682B4,0
11,36,950.48,950.48,69.9834,53.4866,52.2737,0,All,#4682B4,0
12,22,349.49,349.49,13.4131,11.9286,11.7123,0,All,#4682B4,0
12,24,641.966,641.966,16.9879,14.9475,14.6521,0,All,#4682B4,0
12,27,686.94,686.94,24.2023,20.9577,20.4923,0,All,#4682B4,0
12,28,715,715,27.233,23.4567,22.9167,0,All,#4682B4,0
12,32,942.557,942.557,43.656,36.8091,35.8423,0,All,#4682B4,0
12,34,1259.13,1259.13,55.2734,46.1101,44.8244,0,All,#4682B4,0
12,36,1314.51,1314.51,69.9834,57.7632,56.0593,0,All,#4682B4,0
13,22,346.46,346.46,13.4131,11.9596,11.755,0,All,#4682B4,0
13,24,658.282,658.282,16.9879,14.9899,14.7103,0,All,#4682B4,0
13,27,639.032,639.032,24.2023,21.0245,20.5839,0,All,#4682B4,0
13,28,775,775,27.233,23.5342,23.0229,0,All,#4682B4,0
13,32,1143.76,1143.76,43.656,36.9481,36.0323,0,All,#4682B4,0
13,34,975.712,975.712,55.2734,46.2952,45.0769,0,All,#4682B4,0
13,36,1384.21,1384.21,69.9834,58.0088,56.3936,0,All,#4682B4,0
14,22,310.65,310.65,13.4131,11.651,11.7137,0,All,#4682B4,0
14,24,664.042,664.042,16.9879,14.5684,14.6539,0,All,#4682B4,0
14,27,584.016,584.016,24.2023,20.3606,20.4952,0,All,#4682B4,0
14,28,765.184,765.184,27.233,22.764,22.9201,0,All,#4682B4,0
14,32,1098.5,1098.5,43.656,35.5695,35.8483,0,All,#4682B4,0
14,34,1212.03,1212.03,55.2734,44.4621,44.8325,0,All,#4682B4,0
14,36,1298.09,1298.09,69.9834,55.5795,56.0699,0,All,#4682B4,0
15,22,309.68,309.68,13.4131,12.1971,12.0317,0,All,#4682B4,0
15,24,727.011,727.011,16.9879,15.315,15.0885,0,All,#4682B4,0
15,27,671.058,671.058,24.2023,21.5382,21.1802,0,All,#4682B4,0
15,28,870.732,870.732,27.233,24.1307,23.7149,0,All,#4682B4,0
15,32,1111.98,1111.98,43.656,38.0204,37.2726,0,All,#4682B4,0
15,34,1368.9,1368.9,55.2734,47.724,46.7273,0,All,#4682B4,0
15,36,1368.9,1368.9,69.9834,59.9059,58.5821,0,All,#4682B4,0
16,7,96.25,96.25,2.28534,2.50174,2.50073,0,All,#4682B4,0
16,10,184.96,184.96,3.25687,3.70623,3.70409,0,All,#4682B4,0
16,11,181.48,181.48,3.6647,4.22458,4.2219,0,All,#4682B4,0
16,13,338.69,338.69,4.64001,5.4889,5.48478,0,All,#4682B4,0
16,15,372.29,372.29,5.87482,7.13154,7.12538,0,All,#4682B4,0
16,17,578.81,578.81,7.43818,9.26576,9.25668,0,All,#4682B4,0
16,19,767.05,767.05,9.41758,12.039,12.0258,0,All,#4682B4,0
16,21,740.66,740.66,11.9239,15.642,15.6231,0,All,#4682B4,0
16,24,838.24,838.24,16.9877,23.1659,23.1338,0,All,#4682B4,0
16,27,1019.83,1019.83,24.2018,34.3084,34.255,0,All,#4682B4,0
17,7,36,36,2.28534,2.4261,2.44692,0,All,#4682B4,0
17,10,135,135,3.25687,3.5472,3.59076,0,All,#4682B4,0
17,11,204.77,204.77,3.6647,4.02561,4.08002,0,All,#4682B4,0
17,13,220.5,220.5,4.64001,5.18474,5.26765,0,All,#4682B4,0
17,15,329.6,329.6,5.87482,6.67753,6.8009,0,All,#4682B4,0
17,17,388.08,388.08,7.43818,8.60014,8.78043,0,All,#4682B4,0
17,19,650,650,9.41758,11.0765,11.3364,0,All,#4682B4,0
17,21,700.09,700.09,11.9239,14.2657,14.6361,0,All,#4682B4,0
17,24,1027,1027,16.9877,20.8514,21.4713,0,All,#4682B4,0
17,27,1468.82,1468.82,24.2018,30.4773,31.4985,0,All,#4682B4,0
18,7,120.79,120.79,2.28534,2.75058,2.73109,0,All,#4682B4,0
18,10,184.32,184.32,3.25687,4.24388,4.20098,0,All,#4682B4,0
18,11,213.16,213.16,3.6647,4.90345,4.84895,0,All,#4682B4,0
18,13,480.13,480.13,4.64001,6.54594,6.46004,0,All,#4682B4,0
18,15,522.45,522.45,5.87482,8.73848,8.6063,0,All,#4682B4,0
18,17,716.63,716.63,7.43818,11.6655,11.4657,0,All,#4682B4,0
18,19,1169.62,1169.62,9.41758,15.573,15.2752,0,All,#4682B4,0
18,21,1142,1142,11.9239,20.7895,20.3506,0,All,#4682B4,0
18,24,1335.1,1335.1,16.9877,32.0663,31.2937,0,All,#4682B4,0
18,27,1814.76,1814.76,24.2018,49.4605,48.1219,0,All,#4682B4,0
19,7,85,85,2.28534,2.53094,2.52503,0,All,#4682B4,0
19,10,244.69,244.69,3.25687,3.76817,3.75562,0,All,#4682B4,0
19,11,222.16,222.16,3.6647,4.30231,4.28655,0,All,#4682B4,0
19,13,279.3,279.3,4.64001,5.60845,5.58418,0,All,#4682B4,0
19,15,334.04,334.04,5.87482,7.31107,7.27458,0,All,#4682B4,0
19,17,465.49,465.49,7.43818,9.53054,9.47665,0,All,#4682B4,0
19,19,710,710,9.41758,12.4242,12.3457,0,All,#4682B4,0
19,21,720,720,11.9239,16.1961,16.0831,0,All,#4682B4,0
19,24,1266.13,1266.13,16.9877,24.106,23.9138,0,All,#4682B4,0
19,27,1526.26,1526.26,24.2018,35.8783,35.5567,0,All,#4682B4,0
20,7,67.76,67.76,2.28534,2.61781,2.57477,0,All,#4682B4,0
20,10,144,144,3.25687,3.95429,3.86174,0,All,#4682B4,0
20,11,248.29,248.29,3.6647,4.53665,4.41998,0,All,#4682B4,0
20,13,336,336,4.64001,5.97122,5.79017,0,All,#4682B4,0
20,15,441.45,441.45,5.87482,7.85939,7.58507,0,All,#4682B4,0
20,17,533.23,533.23,7.43818,10.3446,9.93635,0,All,#4682B4,0
20,19,948.71,948.71,9.41758,13.6159,13.0168,0,All,#4682B4,0
20,21,826.88,826.88,11.9239,17.9219,17.0523,0,All,#4682B4,0
20,24,898.54,898.54,16.9877,27.0627,25.5675,0,All,#4682B4,0
20,27,1767.87,1767.87,24.2018,40.8662,38.3347,0,All,#4682B4,0
21,22,461.186,461.186,13.4131,12.5073,12.4431,0,All,#4682B4,0
21,24,513.602,513.602,16.9879,15.7404,15.6522,0,All,#4682B4,0
21,26,721.857,721.857,21.5087,19.8031,19.6829,0,All,#4682B4,0
21,28,754.373,754.373,27.233,24.9145,24.7517,0,All,#4682B4,0
21,30,1073.72,1073.72,34.4804,31.3452,31.1258,0,All,#4682B4,0
21,32,1202.89,1202.89,43.656,39.4349,39.1406,0,All,#4682B4,0
21,34,1531.02,1531.02,55.2734,49.6127,49.2193,0,All,#4682B4,0
21,36,2352.58,2352.58,69.9834,62.4189,61.895,0,All,#4682B4,0
21,38,3214.68,3214.68,88.6094,78.5299,77.8343,0,All,#4682B4,0
22,22,444.36,444.36,13.4131,13.1282,12.7451,0,All,#4682B4,0
22,24,569.616,569.616,16.9879,16.5947,16.0672,0,All,#4682B4,0
22,26,996.203,996.203,21.5087,20.9699,20.2488,0,All,#4682B4,0
22,28,859.019,859.019,27.233,26.499,25.519,0,All,#4682B4,0
22,30,1021.95,1021.95,34.4804,33.4857,32.1607,0,All,#4682B4,0
22,32,1413.07,1413.07,43.656,42.3139,40.5302,0,All,#4682B4,0
22,34,1662.28,1662.28,55.2734,53.4697,51.078,0,All,#4682B4,0
22,36,2342.65,2342.65,69.9834,67.5678,64.3724,0,All,#4682B4,0
22,38,2799.1,2799.1,88.6094,85.3839,81.1268,0,All,#4682B4,0
23,22,314.691,314.691,13.4131,12.2702,12.1324,0,All,#4682B4,0
23,24,384.972,384.972,16.9879,15.4152,15.2263,0,All,#4682B4,0
23,26,744.246,744.246,21.5087,19.3602,19.1034,0,All,#4682B4,0
23,28,896.228,896.228,27.233,24.315,23.9678,0,All,#4682B4,0
23,30,1113.09,1113.09,34.4804,30.5378,30.0709,0,All,#4682B4,0
23,32,1364,1364,43.656,38.3523,37.7271,0,All,#4682B4,0
23,34,1589.5,1589.5,55.2734,48.1668,47.333,0,All,#4682B4,0
23,36,2015.06,2015.06,69.9834,60.4946,59.3864,0,All,#4682B4,0
23,38,2498.29,2498.29,88.6094,75.9764,74.5078,0,All,#4682B4,0
24,22,312.483,312.483,13.4131,11.9419,11.8095,0,All,#4682B4,0
24,24,471.756,471.756,16.9879,14.9658,14.7848,0,All,#4682B4,0
24,26,679.433,679.433,21.5087,18.7495,18.5041,0,All,#4682B4,0
24,28,751,751,27.233,23.49,23.1591,0,All,#4682B4,0
24,30,689.65,689.65,34.4804,29.4291,28.9851,0,All,#4682B4,0
24,32,971.676,971.676,43.656,36.8689,36.2759,0,All,#4682B4,0
24,34,1440.97,1440.97,55.2734,46.1898,45.4008,0,All,#4682B4,0
24,36,2150.86,2150.86,69.9834,57.8689,56.8228,0,All,#4682B4,0
24,38,2911.6,2911.6,88.6094,72.4994,71.1165,0,All,#4682B4,0
25,22,217.333,217.333,13.4131,11.3217,11.0156,0,All,#4682B4,0
25,24,234.968,234.968,16.9879,14.1198,13.7039,0,All,#4682B4,0
25,26,496.419,496.419,21.5087,17.6042,17.0431,0,All,#4682B4,0
25,28,696.513,696.513,27.233,21.9485,21.196,0,All,#4682B4,0
25,30,558.094,558.094,34.4804,27.3648,26.3609,0,All,#4682B4,0
25,32,778.911,778.911,43.656,34.117,32.7836,0,All,#4682B4,0
25,34,1435.82,1435.82,55.2734,42.5355,40.7714,0,All,#4682B4,0
25,36,1877.42,1877.42,69.9834,53.0328,50.7067,0,All,#4682B4,0
25,38,2219.14,2219.14,88.6094,66.1189,63.0615,0,All,#4682B4,0
26,22,136.022,136.022,13.4131,10.3743,10.1808,0,All,#4682B4,0
26,24,234.967,234.967,16.9879,12.8358,12.5748,0,All,#4682B4,0
26,26,336.306,336.306,21.5087,15.8768,15.5274,0,All,#4682B4,0
26,28,548.517,548.517,27.233,19.6381,19.173,0,All,#4682B4,0
26,30,616.095,616.095,34.4804,24.2905,23.6747,0,All,#4682B4,0
26,32,803.809,803.809,43.656,30.0445,29.2328,0,All,#4682B4,0
26,34,964.06,964.06,55.2734,37.1619,36.096,0,All,#4682B4,0
26,36,1299.3,1299.3,69.9834,45.9658,44.5709,0,All,#4682B4,0
26,38,1326.3,1326.3,88.6094,56.8546,55.0351,0,All,#4682B4,0
27,14,272.653,272.653,5.21933,5.76861,5.70526,0,All,#4682B4,0
27,16,429.731,429.731,6.61039,7.41124,7.31829,0,All,#4682B4,0
27,19,616.786,616.786,9.41766,10.7875,10.627,0,All,#4682B4,0
27,21,755.993,755.993,11.9239,13.855,13.6274,0,All,#4682B4,0
27,23,963.317,963.317,15.0971,17.7945,17.4746,0,All,#4682B4,0
27,26,1139.88,1139.88,21.5082,25.9009,25.3751,0,All,#4682B4,0
27,28,960.132,960.132,27.2322,33.2658,32.5391,0,All,#4682B4,0
27,30,1208.12,1208.12,34.48,42.7252,41.7261,0,All,#4682B4,0
27,33,1615.89,1615.89,49.1227,62.1885,60.5907,0,All,#4682B4,0
27,34,1698.66,1698.66,55.273,70.4787,68.6135,0,All,#4682B4,0
28,14,238.706,238.706,5.21933,5.30632,5.24245,0,All,#4682B4,0
28,16,346.218,346.218,6.61039,6.73645,6.64387,0,All,#4682B4,0
28,19,534.13,534.13,9.41766,9.63131,9.47433,0,All,#4682B4,0
28,21,585.63,585.63,11.9239,12.2233,12.0033,0,All,#4682B4,0
28,23,666.695,666.695,15.0971,15.5127,15.2071,0,All,#4682B4,0
28,26,947.3,947.3,21.5082,22.1788,21.6855,0,All,#4682B4,0
28,28,653.934,653.934,27.2322,28.1475,27.474,0,All,#4682B4,0
28,30,1036.18,1036.18,34.48,35.7233,34.8082,0,All,#4682B4,0
28,33,1131.25,1131.25,49.1227,51.0745,49.6373,0,All,#4682B4,0
28,34,1180.89,1180.89,55.273,57.5371,55.8696,0,All,#4682B4,0
29,14,285.405,285.405,5.21933,5.61461,5.58286,0,All,#4682B4,0
29,16,330.377,330.377,6.61039,7.18556,7.13914,0,All,#4682B4,0
29,19,467.478,467.478,9.41766,10.3985,10.3188,0,All,#4682B4,0
29,21,730.635,730.635,11.9239,13.3039,13.1912,0,All,#4682B4,0
29,23,901.192,901.192,15.0971,17.0208,16.863,0,All,#4682B4,0
29,26,1010.45,1010.45,21.5082,24.6314,24.3734,0,All,#4682B4,0
29,28,1156,1156,27.2322,31.5133,31.1578,0,All,#4682B4,0
29,30,1565.99,1565.99,34.48,40.3185,39.8316,0,All,#4682B4,0
29,33,1702.25,1702.25,49.1227,58.3461,57.5714,0,All,#4682B4,0
29,34,1332.76,1332.76,55.273,65.9958,65.0929,0,All,#4682B4,0
30,14,362.172,362.172,5.21933,5.73482,5.63615,0,All,#4682B4,0
30,16,465.869,465.869,6.61039,7.36166,7.21708,0,All,#4682B4,0
30,19,431.103,431.103,9.41766,10.7018,10.4527,0,All,#4682B4,0
30,21,549.99,549.99,11.9239,13.7335,13.3806,0,All,#4682B4,0
30,23,866.117,866.117,15.0971,17.6236,17.1282,0,All,#4682B4,0
30,26,970.033,970.033,21.5082,25.6199,24.8073,0,All,#4682B4,0
30,28,941.481,941.481,27.2322,32.8773,31.7556,0,All,#4682B4,0
30,30,1579.42,1579.42,34.48,42.1908,40.6507,0,All,#4682B4,0
30,33,2169.58,2169.58,49.1227,61.3335,58.8751,0,All,#4682B4,0
30,34,1429.82,1429.82,55.273,69.4803,66.6124,0,All,#4682B4,0
31,14,151.217,151.217,5.21933,5.41254,5.37265,0,All,#4682B4,0
31,16,343.254,343.254,6.61039,6.89078,6.83278,0,All,#4682B4,0
31,19,378.444,378.444,9.41766,9.8939,9.79507,0,All,#4682B4,0
31,21,629.958,629.958,11.9239,12.5922,12.4532,0,All,#4682B4,0
31,23,765.333,765.333,15.0971,16.0261,15.8325,0,All,#4682B4,0
31,26,990.541,990.541,21.5082,23.0104,22.6965,0,All,#4682B4,0
31,28,913.877,913.877,27.2322,29.2857,28.8556,0,All,#4682B4,0
31,30,1533.98,1533.98,34.48,37.2732,36.6871,0,All,#4682B4,0
31,33,1843.44,1843.44,49.1227,53.5172,52.5923,0,All,#4682B4,0
31,34,1381.17,1381.17,55.273,60.3746,59.2996,0,All,#4682B4,0
32,14,69.171,69.171,5.21933,5.01883,4.91425,0,All,#4682B4,0
32,16,182.773,182.773,6.61039,6.32096,6.17064,0,All,#4682B4,0
32,19,330.865,330.865,9.41766,8.93008,8.67847,0,All,#4682B4,0
32,21,372.006,372.006,11.9239,11.2435,10.8938,0,All,#4682B4,0
32,23,866.717,866.717,15.0971,14.1561,13.6747,0,All,#4682B4,0
32,26,880.606,880.606,21.5082,19.9989,19.2318,0,All,#4682B4,0
32,28,624.262,624.262,27.2322,25.1801,24.1417,0,All,#4682B4,0
32,30,767.936,767.936,34.48,31.7035,30.3045,0,All,#4682B4,0
32,33,1034.18,1034.18,49.1227,44.7896,42.6203,0,All,#4682B4,0
32,34,707.507,707.507,55.273,50.2571,47.7517,0,All,#4682B4,0
33,11,56.79,56.79,3.66351,3.36445,3.38267,0,All,#4682B4,0
33,12,48.76,48.76,4.12295,3.75718,3.77938,0,All,#4682B4,0
33,13,59.59,59.59,4.63991,4.19563,4.22249,0,All,#4682B4,0
33,14,105.97,105.97,5.22094,4.68464,4.71695,0,All,#4682B4,0
33,17,202.58,202.58,7.43817,6.52086,6.57552,0,All,#4682B4,0
33,18,252.81,252.81,8.36956,7.28085,7.34547,0,All,#4682B4,0
33,19,266.9,266.9,9.41765,8.12943,8.20562,0,All,#4682B4,0
33,20,437.44,437.44,10.5968,9.07678,9.16634,0,All,#4682B4,0
33,25,679.79,679.79,19.1146,15.7512,15.9457,0,All,#4682B4,0
33,26,425.72,425.72,21.5082,17.5866,17.8126,0,All,#4682B4,0
33,27,785.82,785.82,24.2019,19.6363,19.8984,0,All,#4682B4,0
33,28,795.67,795.67,27.2321,21.9252,22.2287,0,All,#4682B4,0
33,32,1101.41,1101.41,43.6553,34.0755,34.615,0,All,#4682B4,0
33,33,1257.28,1257.28,49.1224,38.0466,38.668,0,All,#4682B4,0
33,34,1260.9,1260.9,55.2726,42.4813,43.1964,0,All,#4682B4,0
34,11,0,0,3.66351,3.36349,3.38383,0,All,#4682B4,0
34,12,71.36,71.36,4.12295,3.75602,3.78081,0,All,#4682B4,0
34,13,172.99,172.99,4.63991,4.19422,4.22422,0,All,#4682B4,0
34,14,168.64,168.64,5.22094,4.68295,4.71902,0,All,#4682B4,0
34,17,246.23,246.23,7.43817,6.51801,6.57902,0,All,#4682B4,0
34,18,268.62,268.62,8.36956,7.27747,7.34962,0,All,#4682B4,0
34,19,305.92,305.92,9.41765,8.12545,8.21051,0,All,#4682B4,0
34,20,334.46,334.46,10.5968,9.0721,9.17209,0,All,#4682B4,0
34,25,575.03,575.03,19.1146,15.741,15.9582,0,All,#4682B4,0
34,26,708.31,708.31,21.5082,17.5749,17.8271,0,All,#4682B4,0
34,27,761.83,761.83,24.2019,19.6227,19.9152,0,All,#4682B4,0
34,28,816.5,816.5,27.2321,21.9094,22.2482,0,All,#4682B4,0
34,32,864.2,864.2,43.6553,34.0474,34.6497,0,All,#4682B4,0
34,33,965.91,965.91,49.1224,38.0142,38.7081,0,All,#4682B4,0
34,34,965.06,965.06,55.2726,42.4441,43.2424,0,All,#4682B4,0
35,11,66.99,66.99,3.66351,3.46402,3.43673,0,All,#4682B4,0
35,12,98.72,98.72,4.12295,3.87865,3.84532,0,All,#4682B4,0
35,13,123.34,123.34,4.63991,4.34279,4.30237,0,All,#4682B4,0
35,14,123.04,123.04,5.22094,4.86181,4.8131,0,All,#4682B4,0
35,17,207.6,207.6,7.43817,6.82153,6.73864,0,All,#4682B4,0
35,18,275.11,275.11,8.36956,7.63676,7.53854,0,All,#4682B4,0
35,19,368.24,368.24,9.41765,8.54949,8.43345,0,All,#4682B4,0
35,20,380.36,380.36,10.5968,9.57109,9.43441,0,All,#4682B4,0
35,25,709.08,709.08,19.1146,16.8306,16.5307,0,All,#4682B4,0
35,26,733.74,733.74,21.5082,18.8418,18.4927,0,All,#4682B4,0
35,27,685,685,24.2019,21.0938,20.6881,0,All,#4682B4,0
35,28,842.32,842.32,27.2321,23.6149,23.1441,0,All,#4682B4,0
35,32,1121.91,1121.91,43.6553,37.0927,36.2488,0,All,#4682B4,0
35,33,1222.6,1222.6,49.1224,41.5259,40.5519,0,All,#4682B4,0
35,34,1162.52,1162.52,55.2726,46.4891,45.3661,0,All,#4682B4,0
36,11,50.67,50.67,3.66351,3.48889,3.45905,0,All,#4682B4,0
36,12,75.35,75.35,4.12295,3.90904,3.87258,0,All,#4682B4,0
36,13,68.59,68.59,4.63991,4.37966,4.33542,0,All,#4682B4,0
36,14,95.24,95.24,5.22094,4.90628,4.85293,0,All,#4682B4,0
36,17,221.76,221.76,7.43817,6.89737,6.80641,0,All,#4682B4,0
36,18,284.99,284.99,8.36956,7.72668,7.61883,0,All,#4682B4,0
36,19,390.52,390.52,9.41765,8.65578,8.52831,0,All,#4682B4,0
36,20,311.91,311.91,10.5968,9.69638,9.54613,0,All,#4682B4,0
36,25,926.84,926.84,19.1146,17.1065,16.7758,0,All,#4682B4,0
36,26,794.18,794.18,21.5082,19.1631,18.7779,0,All,#4682B4,0
36,27,784.41,784.41,24.2019,21.4675,21.0195,0,All,#4682B4,0
36,28,748.5,748.5,27.2321,24.0488,23.5287,0,All,#4682B4,0
36,32,1008.22,1008.22,43.6553,37.8727,36.9381,0,All,#4682B4,0
36,33,1202.47,1202.47,49.1224,42.4268,41.3474,0,All,#4682B4,0
36,34,1290.37,1290.37,55.2726,47.5284,46.2832,0,All,#4682B4,0
37,11,126.3,126.3,3.66351,3.77547,3.72729,0,All,#4682B4,0
37,12,122.66,122.66,4.12295,4.2606,4.20131,0,All,#4682B4,0
37,13,171.06,171.06,4.63991,4.80796,4.73552,0,All,#4682B4,0
37,14,163.95,163.95,5.22094,5.42486,5.33689,0,All,#4682B4,0
37,17,297.03,297.03,7.43817,7.79242,7.63924,0,All,#4682B4,0
37,18,464.41,464.41,8.36956,8.79221,8.60931,0,All,#4682B4,0
37,19,522.28,522.28,9.41765,9.92028,9.7026,0,All,#4682B4,0
37,20,602.73,602.73,10.5968,11.193,10.9346,0,All,#4682B4,0
37,25,786.51,786.51,19.1146,20.4682,19.8792,0,All,#4682B4,0
37,26,1069.2,1069.2,21.5082,23.0947,22.4039,0,All,#4682B4,0
37,27,948.56,948.56,24.2019,26.0581,25.2492,0,All,#4682B4,0
37,28,1042.96,1042.96,27.2321,29.401,28.4551,0,All,#4682B4,0
37,32,1250.61,1250.61,43.6553,47.6515,45.9033,0,All,#4682B4,0
37,33,1353.69,1353.69,49.1224,53.765,51.7326,0,All,#4682B4,0
37,34,1514.43,1514.43,55.2726,60.663,58.3013,0,All,#4682B4,0
38,11,109.08,109.08,3.66351,3.70626,3.70411,0,All,#4682B4,0
38,12,161.68,161.68,4.12295,4.17546,4.17282,0,All,#4682B4,0
38,13,275.71,275.71,4.63991,4.70396,4.70074,0,All,#4682B4,0
38,14,231.21,231.21,5.22094,5.2986,5.29469,0,All,#4682B4,0
38,17,299.63,299.63,7.43817,7.57274,7.56595,0,All,#4682B4,0
38,18,455.69,455.69,8.36956,8.52997,8.52188,0,All,#4682B4,0
38,19,540,540,9.41765,9.60826,9.59863,0,All,#4682B4,0
38,20,713.76,713.76,10.5968,10.8227,10.8113,0,All,#4682B4,0
38,25,723.82,723.82,19.1146,19.6253,19.5994,0,All,#4682B4,0
38,26,819.05,819.05,21.5082,22.1063,22.0759,0,All,#4682B4,0
38,27,791.57,791.57,24.2019,24.901,24.8656,0,All,#4682B4,0
38,28,681.34,681.34,27.2321,28.0483,28.0069,0,All,#4682B4,0
38,32,999.44,999.44,43.6553,45.154,45.0778,0,All,#4682B4,0
38,33,1067.65,1067.65,49.1224,50.8621,50.7736,0,All,#4682B4,0
38,34,1132.16,1132.16,55.2726,57.2906,57.188,0,All,#4682B4,0
39,11,43.58,43.58,3.66351,3.45584,3.44806,0,All,#4682B4,0
39,12,79.58,79.58,4.12295,3.86866,3.85915,0,All,#4682B4,0
39,13,76.32,76.32,4.63991,4.33067,4.31914,0,All,#4682B4,0
39,14,92.2,92.2,5.22094,4.8472,4.83331,0,All,#4682B4,0
39,17,218.51,218.51,7.43817,6.79664,6.773,0,All,#4682B4,0
39,18,213.09,213.09,8.36956,7.60726,7.57925,0,All,#4682B4,0
39,19,230.31,230.31,9.41765,8.51463,8.48154,0,All,#4682B4,0
40,11,52.06,52.06,3.66351,3.46135,3.48919,0,All,#4682B4,0
40,12,78.57,78.57,4.12295,3.87539,3.9094,0,All,#4682B4,0
40,13,100.28,100.28,4.63991,4.33883,4.3801,0,All,#4682B4,0
40,14,126.9,126.9,5.22094,4.85704,4.90681,0,All,#4682B4,0
40,17,203.55,203.55,7.43817,6.81341,6.89828,0,All,#4682B4,0
40,18,229.95,229.95,8.36956,7.62713,7.72776,0,All,#4682B4,0
40,19,317.81,317.81,9.41765,8.53811,8.65706,0,All,#4682B4,0
41,11,79.35,79.35,3.66351,3.58038,3.54852,0,All,#4682B4,0
41,12,73.23,73.23,4.12295,4.02099,3.98197,0,All,#4682B4,0
41,13,101.94,101.94,4.63991,4.51573,4.46827,0,All,#4682B4,0
41,14,111.47,111.47,5.22094,5.07061,5.01325,0,All,#4682B4,0
41,17,275.86,275.86,7.43817,7.17891,7.08041,0,All,#4682B4,0
41,18,292.22,292.22,8.36956,8.061,7.94394,0,All,#4682B4,0
41,19,359.22,359.22,9.41765,9.05157,8.91289,0,All,#4682B4,0
42,11,107.1,107.1,3.66351,3.69024,3.71423,0,All,#4682B4,0
42,12,99.19,99.19,4.12295,4.15577,4.18526,0,All,#4682B4,0
42,13,163.64,163.64,4.63991,4.67994,4.71592,0,All,#4682B4,0
42,14,149.04,149.04,5.22094,5.26946,5.31311,0,All,#4682B4,0
42,17,296.61,296.61,7.43817,7.52219,7.59792,0,All,#4682B4,0
42,18,510.43,510.43,8.36956,8.4697,8.56002,0,All,#4682B4,0
42,19,403.52,403.52,9.41765,9.53661,9.64398,0,All,#4682B4,0
43,11,0,0,3.66351,3.69379,3.62692,0,All,#4682B4,0
43,12,51.28,51.28,4.12295,4.16014,4.07805,0,All,#4682B4,0
43,13,166.45,166.45,4.63991,4.68527,4.58518,0,All,#4682B4,0
43,14,131.35,131.35,5.22094,5.27592,5.15465,0,All,#4682B4,0
43,17,213.16,213.16,7.43817,7.5334,7.32364,0,All,#4682B4,0
43,18,352.45,352.45,8.36956,8.48307,8.23318,0,All,#4682B4,0
43,19,514.64,514.64,9.41765,9.5525,9.25575,0,All,#4682B4,0
44,11,142.42,142.42,3.66351,3.82532,3.85901,0,All,#4682B4,0
44,12,147.88,147.88,4.12295,4.322,4.36355,0,All,#4682B4,0
44,13,202.34,202.34,4.63991,4.88306,4.93393,0,All,#4682B4,0
44,14,189.33,189.33,5.22094,5.51617,5.57809,0,All,#4682B4,0
44,17,333.92,333.92,7.43817,7.95198,8.06049,0,All,#4682B4,0
44,18,542.24,542.24,8.36956,8.98295,9.11281,0,All,#4682B4,0
44,19,543.19,543.19,9.41765,10.1476,10.3025,0,All,#4682B4,0
45,11,74.21,74.21,3.66351,3.56278,3.51237,0,All,#4682B4,0
45,12,69.76,69.76,4.12295,3.99944,3.93774,0,All,#4682B4,0
45,13,102.46,102.46,4.63991,4.4895,4.41452,0,All,#4682B4,0
45,14,137.15,137.15,5.22094,5.03891,4.94833,0,All,#4682B4,0
45,17,196.7,196.7,7.43817,7.12444,6.96923,0,All,#4682B4,0
45,18,256.49,256.49,8.36956,7.99626,7.81194,0,All,#4682B4,0
45,19,348.97,348.97,9.41765,8.97485,8.75663,0,All,#4682B4,0
46,11,46.49,46.49,3.66351,3.53712,3.48593,0,All,#4682B4,0
46,12,66.25,66.25,4.12295,3.96803,3.90542,0,All,#4682B4,0
46,13,98.22,98.22,4.63991,4.45131,4.37528,0,All,#4682B4,0
46,14,62.38,62.38,5.22094,4.99277,4.90099,0,All,#4682B4,0
46,17,202.95,202.95,7.43817,7.0453,6.88834,0,All,#4682B4,0
46,18,260.8,260.8,8.36956,7.90224,7.71597,0,All,#4682B4,0
46,19,336.37,336.37,9.41765,8.86351,8.64312,0,All,#4682B4,0
47,11,41.5,41.5,3.66351,3.44435,3.42301,0,All,#4682B4,0
47,12,76.5,76.5,4.12295,3.85463,3.82859,0,All,#4682B4,0
47,13,80.22,80.22,4.63991,4.31365,4.28209,0,All,#4682B4,0
47,14,71.35,71.35,5.22094,4.8267,4.78868,0,All,#4682B4,0
47,17,174.07,174.07,7.43817,6.76175,6.69713,0,All,#4682B4,0
47,18,218.51,218.51,8.36956,7.56592,7.48939,0,All,#4682B4,0
47,19,190.31,190.31,9.41765,8.4658,8.37542,0,All,#4682B4,0
48,11,71.77,71.77,3.66351,3.80312,3.76875,0,All,#4682B4,0
48,12,202.71,202.71,4.12295,4.29465,4.25233,0,All,#4682B4,0
48,13,88.7,88.7,4.63991,4.84959,4.79785,0,All,#4682B4,0
48,14,245.32,245.32,5.22094,5.47547,5.41257,0,All,#4682B4,0
48,17,361.87,361.87,7.43817,7.88078,7.77099,0,All,#4682B4,0
48,18,423.96,423.96,8.36956,8.89781,8.76661,0,All,#4682B4,0
48,19,457.06,457.06,9.41765,10.0461,9.8898,0,All,#4682B4,0
49,11,20.83,20.83,3.66351,3.59168,3.59514,0,All,#4682B4,0
49,12,74.54,74.54,4.12295,4.03484,4.03908,0,All,#4682B4,0
49,13,108.72,108.72,4.63991,4.53257,4.53773,0,All,#4682B4,0
49,14,158.14,158.14,5.22094,5.09099,5.09723,0,All,#4682B4,0
49,17,229.71,229.71,7.43817,7.21396,7.2247,0,All,#4682B4,0
49,18,315.37,315.37,8.36956,8.10267,8.11545,0,All,#4682B4,0
49,19,479.75,479.75,9.41765,9.10097,9.11611,0,All,#4682B4,0
50,11,132.85,132.85,3.66351,3.77332,3.75366,0,All,#4682B4,0
50,12,102.33,102.33,4.12295,4.25795,4.23376,0,All,#4682B4,0
50,13,173.62,173.62,4.63991,4.80472,4.77515,0,All,#4682B4,0
50,14,159.16,159.16,5.22094,5.42092,5.385,0,All,#4682B4,0
50,17,338.03,338.03,7.43817,7.78555,7.72295,0,All,#4682B4,0
50,18,365.42,365.42,8.36956,8.784,8.70924,0,All,#4682B4,0
50,19,572.73,572.73,9.41765,9.91051,9.8215,0,All,#4682B4,0
51,12,114.043,114.043,4.12224,4.11978,4.03764,0,All,#4682B4,0
51,14,107.191,107.191,5.2209,5.21726,5.0961,0,All,#4682B4,0
51,16,241.145,241.145,6.6103,6.60504,6.43002,0,All,#4682B4,0
51,19,245.666,245.666,9.41756,9.40866,9.11335,0,All,#4682B4,0
51,21,580.106,580.106,11.9237,11.9112,11.4987,0,All,#4682B4,0
51,23,558.167,558.167,15.0968,15.0795,14.5085,0,All,#4682B4,0
51,26,911.355,911.355,21.508,21.4802,20.5631,0,All,#4682B4,0
51,28,968.113,968.113,27.2324,27.1945,25.946,0,All,#4682B4,0
51,30,1305.24,1305.24,34.4792,34.4278,32.7371,0,All,#4682B4,0
51,33,1425.93,1425.93,49.1216,49.041,46.3985,0,All,#4682B4,0
51,34,1553.7,1553.7,55.2733,55.1798,52.1192,0,All,#4682B4,0
52,12,144.501,144.501,4.12224,4.34054,4.26136,0,All,#4682B4,0
52,14,146.375,146.375,5.2209,5.54486,5.42703,0,All,#4682B4,0
52,16,291.248,291.248,6.6103,7.08111,6.90941,0,All,#4682B4,0
52,19,410.386,410.386,9.41756,10.2193,9.92572,0,All,#4682B4,0
52,21,497.112,497.112,11.9237,13.0505,12.6368,0,All,#4682B4,0
52,23,718.936,718.936,15.0968,16.6661,16.0883,0,All,#4682B4,0
52,26,962.241,962.241,21.508,24.0521,23.1116,0,All,#4682B4,0
52,28,1328.39,1328.39,27.2324,30.7164,29.4251,0,All,#4682B4,0
52,30,1584.22,1584.22,34.4792,39.2269,37.4624,0,All,#4682B4,0
52,33,2084.68,2084.68,49.1216,56.6111,53.8164,0,All,#4682B4,0
52,34,1934.05,1934.05,55.2733,63.9734,60.7225,0,All,#4682B4,0
53,12,193.473,193.473,4.12224,4.75525,4.66808,0,All,#4682B4,0
53,14,406.921,406.921,5.2209,6.1677,6.036,0,All,#4682B4,0
53,16,428.764,428.764,6.6103,7.99726,7.80239,0,All,#4682B4,0
53,19,682.999,682.999,9.41756,11.8078,11.4669,0,All,#4682B4,0
53,21,813.478,813.478,11.9237,15.31,14.8223,0,All,#4682B4,0
53,23,927.814,927.814,15.0968,19.8513,19.1596,0,All,#4682B4,0
53,26,1211.29,1211.29,21.508,29.3101,28.1583,0,All,#4682B4,0
53,28,1387.6,1387.6,27.2324,38.004,36.3983,0,All,#4682B4,0
53,30,1617.71,1617.71,34.4792,49.2771,47.0501,0,All,#4682B4,0
53,33,2013.91,2013.91,49.1216,72.7555,69.1467,0,All,#4682B4,0
53,34,2208.09,2208.09,55.2733,82.8475,78.6163,0,All,#4682B4,0
54,12,226.836,226.836,4.12224,4.7341,4.71355,0,All,#4682B4,0
54,14,325.931,325.931,5.2209,6.1357,6.10465,0,All,#4682B4,0
54,16,476.807,476.807,6.6103,7.94985,7.90389,0,All,#4682B4,0
54,19,698.404,698.404,9.41756,11.7247,11.6442,0,All,#4682B4,0
54,21,913.602,913.602,11.9237,15.191,15.0759,0,All,#4682B4,0
54,23,976.41,976.41,15.0968,19.6823,19.519,0,All,#4682B4,0
54,26,1066.99,1066.99,21.508,29.0283,28.756,0,All,#4682B4,0
54,28,1557.6,1557.6,27.2324,37.6106,37.2309,0,All,#4682B4,0
54,30,1494.09,1494.09,34.4792,48.7309,48.2041,0,All,#4682B4,0
54,33,2099.06,2099.06,49.1216,71.8689,71.0146,0,All,#4682B4,0
54,34,2547.82,2547.82,55.2733,81.8074,80.8056,0,All,#4682B4,0
55,12,119.933,119.933,4.12224,3.71138,3.66576,0,All,#4682B4,0
55,14,139.704,139.704,5.2209,4.61895,4.55276,0,All,#4682B4,0
55,16,193.035,193.035,6.6103,5.74677,5.65276,0,All,#4682B4,0
55,19,99.4873,99.4873,9.41756,7.97521,7.82053,0,All,#4682B4,0
55,21,264.638,264.638,11.9237,9.9224,9.70992,0,All,#4682B4,0
55,23,294.349,294.349,15.0968,12.345,12.0557,0,All,#4682B4,0
55,26,456.865,456.865,21.508,17.132,16.6789,0,All,#4682B4,0
55,28,607.502,607.502,27.2324,21.3148,20.7083,0,All,#4682B4,0
55,30,742.495,742.495,34.4792,26.5193,25.7118,0,All,#4682B4,0
55,33,953.48,953.48,49.1216,36.8026,35.5718,0,All,#4682B4,0
55,34,1240.46,1240.46,55.2733,41.0498,39.6359,0,All,#4682B4,0
56,12,182.716,182.716,4.12224,4.42262,4.44328,0,All,#4682B4,0
56,14,193.741,193.741,5.2209,5.66738,5.69826,0,All,#4682B4,0
56,16,393.636,393.636,6.6103,7.26022,7.30545,0,All,#4682B4,0
56,19,545.587,545.587,9.41756,10.527,10.6049,0,All,#4682B4,0
56,21,691.771,691.771,11.9237,13.4854,13.5958,0,All,#4682B4,0
56,23,929.922,929.922,15.0968,17.2754,17.4303,0,All,#4682B4,0
56,26,1063.77,1063.77,21.508,25.0484,25.3025,0,All,#4682B4,0
56,28,1369.19,1369.19,27.2324,32.0886,32.4393,0,All,#4682B4,0
56,30,1542.25,1542.25,34.4792,41.1078,41.5893,0,All,#4682B4,0
56,33,1919.13,1919.13,49.1216,59.6038,60.3721,0,All,#4682B4,0
56,34,1834.73,1834.73,55.2733,67.4605,68.3567,0,All,#4682B4,0
57,12,145.251,145.251,4.12224,4.20774,4.18477,0,All,#4682B4,0
57,14,161.978,161.978,5.2209,5.34744,5.3134,0,All,#4682B4,0
57,16,172.664,172.664,6.6103,6.79372,6.74432,0,All,#4682B4,0
57,19,247.5,247.5,9.41756,9.72868,9.64473,0,All,#4682B4,0
57,21,611.5,611.5,11.9237,12.3598,12.242,0,All,#4682B4,0
57,23,682.208,682.208,15.0968,15.7025,15.5387,0,All,#4682B4,0
57,26,1047.13,1047.13,21.508,22.4861,22.2211,0,All,#4682B4,0
57,28,1274.69,1274.69,27.2324,28.5684,28.2059,0,All,#4682B4,0
57,30,1527.08,1527.08,34.4792,36.2949,35.8016,0,All,#4682B4,0
57,33,1711.01,1711.01,49.1216,51.9744,51.1979,0,All,#4682B4,0
57,34,1672.88,1672.88,55.2733,58.5828,57.6815,0,All,#4682B4,0
58,12,138.583,138.583,4.12224,4.49225,4.46796,0,All,#4682B4,0
58,14,210.632,210.632,5.2209,5.7716,5.73521,0,All,#4682B4,0
58,16,344.98,344.98,6.6103,7.41302,7.35961,0,All,#4682B4,0
58,19,422.137,422.137,9.41756,10.7906,10.6983,0,All,#4682B4,0
58,21,794.987,794.987,11.9237,13.8591,13.7282,0,All,#4682B4,0
58,23,774.592,774.592,15.0968,17.8004,17.6163,0,All,#4682B4,0
58,26,1155.58,1155.58,21.508,25.9107,25.6081,0,All,#4682B4,0
58,28,1682.54,1682.54,27.2324,33.2796,32.8612,0,All,#4682B4,0
58,30,1867.22,1867.22,34.4792,42.7447,42.1692,0,All,#4682B4,0
58,33,2176.04,2176.04,49.1216,62.2195,61.2987,0,All,#4682B4,0
58,34,1544.13,1544.13,55.2733,70.5131,69.438,0,All,#4682B4,0
59,12,145.703,145.703,4.12224,4.43519,4.39432,0,All,#4682B4,0
59,14,170.272,170.272,5.2209,5.68617,5.62509,0,All,#4682B4,0
59,16,354.865,354.865,6.6103,7.28774,7.19834,0,All,#4682B4,0
59,19,556.421,556.421,9.41756,10.5744,10.4205,0,All,#4682B4,0
59,21,608.512,608.512,11.9237,13.5526,13.3348,0,All,#4682B4,0
59,23,776.403,776.403,15.0968,17.3696,17.0641,0,All,#4682B4,0
59,26,906.278,906.278,21.508,25.2029,24.7024,0,All,#4682B4,0
59,28,1237.37,1237.37,27.2324,32.3018,31.6116,0,All,#4682B4,0
59,30,1740.83,1740.83,34.4792,41.4004,40.4533,0,All,#4682B4,0
59,33,2213.39,2213.39,49.1216,60.0707,58.5609,0,All,#4682B4,0
59,34,2424.85,2424.85,55.2733,68.005,66.2446,0,All,#4682B4,0
60,13,155.401,155.401,4.63851,4.75986,4.75677,0,All,#4682B4,0
60,15,298.757,298.757,5.87476,6.05245,6.04792,0,All,#4682B4,0
60,18,427.251,427.251,8.36963,8.67431,8.66653,0,All,#4682B4,0
60,20,617.047,617.047,10.597,11.0265,11.0155,0,All,#4682B4,0
60,22,747.662,747.662,13.417,14.0164,14.001,0,All,#4682B4,0
60,25,722.569,722.569,19.1147,20.088,20.0629,0,All,#4682B4,0
60,27,826.85,826.85,24.2017,25.5351,25.5007,0,All,#4682B4,0
60,29,1120.75,1120.75,30.6429,32.46,32.4131,0,All,#4682B4,0
60,32,1287.1,1287.1,43.6562,46.5212,46.447,0,All,#4682B4,0
60,34,1496.71,1496.71,55.2735,59.1359,59.0357,0,All,#4682B4,0
61,13,194.176,194.176,4.63851,4.73354,4.66976,0,All,#4682B4,0
61,15,280.384,280.384,5.87476,6.01386,5.92045,0,All,#4682B4,0
61,18,394.649,394.649,8.36963,8.60798,8.44781,0,All,#4682B4,0
61,20,492.485,492.485,10.597,10.9329,10.707,0,All,#4682B4,0
61,22,577.519,577.519,13.417,13.8855,13.5703,0,All,#4682B4,0
61,25,834.475,834.475,19.1147,19.8749,19.3631,0,All,#4682B4,0
61,27,955.389,955.389,24.2017,25.2428,24.5415,0,All,#4682B4,0
61,29,1083.74,1083.74,30.6429,32.0611,31.1054,0,All,#4682B4,0
61,32,1248.44,1248.44,43.6562,45.8907,44.3837,0,All,#4682B4,0
61,34,1234.36,1234.36,55.2735,58.2846,56.2528,0,All,#4682B4,0
62,13,152.437,152.437,4.63851,4.35179,4.41808,0,All,#4682B4,0
62,15,221.42,221.42,5.87476,5.45777,5.55381,0,All,#4682B4,0
62,18,297.443,297.443,8.36963,7.66197,7.82404,0,All,#4682B4,0
62,20,466.181,466.181,10.597,9.60623,9.83226,0,All,#4682B4,0
62,22,476.699,476.699,13.417,12.0438,12.3559,0,All,#4682B4,0
62,25,610.53,610.53,19.1147,16.9075,17.4062,0,All,#4682B4,0
62,27,728.42,728.42,24.2017,21.1983,21.8744,0,All,#4682B4,0
62,29,822.484,822.484,30.6429,26.5775,27.4892,0,All,#4682B4,0
62,32,1121.04,1121.04,43.6562,37.311,38.7256,0,All,#4682B4,0
62,34,1208.28,1208.28,55.2735,46.7785,48.665,0,All,#4682B4,0
63,13,97.7039,97.7039,4.63851,4.4254,4.39089,0,All,#4682B4,0
63,15,136.488,136.488,5.87476,5.56443,5.51439,0,All,#4682B4,0
63,18,279.856,279.856,8.36963,7.84199,7.75745,0,All,#4682B4,0
63,20,421.972,421.972,10.597,9.85733,9.73934,0,All,#4682B4,0
63,22,510.454,510.454,13.417,12.3906,12.2275,0,All,#4682B4,0
63,25,767.745,767.745,19.1147,17.4617,17.2008,0,All,#4682B4,0
63,27,623.676,623.676,24.2017,21.9497,21.5958,0,All,#4682B4,0
63,29,860.799,860.799,30.6429,27.5909,27.1132,0,All,#4682B4,0
63,32,1128.57,1128.57,43.6562,38.8837,38.1416,0,All,#4682B4,0
63,34,1305.96,1305.96,55.2735,48.8761,47.8857,0,All,#4682B4,0
64,13,80.519,80.519,4.63851,4.60537,4.54291,0,All,#4682B4,0
64,15,192.055,192.055,5.87476,5.82637,5.73527,0,All,#4682B4,0
64,18,303.697,303.697,8.36963,8.28698,8.13176,0,All,#4682B4,0
64,20,419.476,419.476,10.597,10.4808,10.2629,0,All,#4682B4,0
64,22,642.738,642.738,13.417,13.2552,12.9524,0,All,#4682B4,0
64,25,772.402,772.402,19.1147,18.853,18.3643,0,All,#4682B4,0
64,27,855.324,855.324,24.2017,23.8441,23.1773,0,All,#4682B4,0
64,29,1007.72,1007.72,30.6429,30.1568,29.2519,0,All,#4682B4,0
64,32,1341.8,1341.8,43.6562,42.8926,41.4747,0,All,#4682B4,0
64,34,1508.23,1508.23,55.2735,54.2469,52.3435,0,All,#4682B4,0
65,13,52.0135,52.0135,4.63851,4.72691,4.64305,0,All,#4682B4,0
65,15,108.759,108.759,5.87476,6.00414,5.8814,0,All,#4682B4,0
65,18,202.122,202.122,8.36963,8.59129,8.381,0,All,#4682B4,0
65,20,263.333,263.333,10.597,10.9093,10.613,0,All,#4682B4,0
65,22,586.793,586.793,13.417,13.8526,13.4393,0,All,#4682B4,0
65,25,1060.87,1060.87,19.1147,19.8214,19.1507,0,All,#4682B4,0
65,27,1016.31,1016.31,24.2017,25.1694,24.251,0,All,#4682B4,0
65,29,1041.07,1041.07,30.6429,31.961,30.71,0,All,#4682B4,0
65,32,1901.52,1901.52,43.6562,45.7327,43.7616,0,All,#4682B4,0
65,34,2036.07,2036.07,55.2735,58.0714,55.4153,0,All,#4682B4,0
