time,median,p5,p15,p25,p35,p45,p55,p65,p75,p85,p95,split
7,2.28538,2.0538,2.13288,2.18428,2.22622,2.26538,2.30392,2.3465,2.39722,2.46188,2.58116,All
7.09538,2.31139,2.07411,2.1551,2.20776,2.25075,2.29089,2.33039,2.37406,2.4261,2.49245,2.61492,All
7.19206,2.33791,2.09481,2.17774,2.23169,2.27574,2.31688,2.35739,2.40217,2.45554,2.52364,2.64936,All
7.248,2.35339,2.10689,2.19095,2.24566,2.29033,2.33206,2.37316,2.41859,2.47275,2.54186,2.66951,All
7.29005,2.3651,2.11601,2.20094,2.25621,2.30136,2.34354,2.38508,2.431,2.48576,2.55565,2.68475,All
7.38938,2.39298,2.13771,2.2247,2.28135,2.32762,2.37087,2.41347,2.46059,2.51678,2.58851,2.72109,All
7.49006,2.42157,2.15993,2.24905,2.30711,2.35455,2.3989,2.44259,2.49093,2.5486,2.62224,2.75843,All
7.496,2.42327,2.16125,2.2505,2.30863,2.35615,2.40056,2.44432,2.49273,2.55049,2.62424,2.76065,All
7.59212,2.4509,2.18269,2.274,2.33351,2.38216,2.42765,2.47247,2.52207,2.58127,2.65688,2.7968,All
7.69556,2.481,2.20601,2.29958,2.36059,2.41048,2.45714,2.50313,2.55404,2.61481,2.69247,2.83625,All
7.744,2.49522,2.21701,2.31165,2.37337,2.42385,2.47107,2.51762,2.56915,2.63067,2.7093,2.8549,All
7.80042,2.51189,2.2299,2.3258,2.38835,2.43953,2.4874,2.5346,2.58686,2.64926,2.72903,2.87679,All
7.9067,2.54358,2.25438,2.35268,2.41683,2.46933,2.51845,2.5669,2.62055,2.68463,2.76659,2.91849,All
7.992,2.56931,2.27422,2.37447,2.43993,2.49351,2.54365,2.59312,2.64792,2.71338,2.79712,2.95241,All
8.01443,2.57613,2.27946,2.38024,2.44604,2.49991,2.55033,2.60006,2.65516,2.72099,2.80521,2.9614,All
8.12363,2.60956,2.30518,2.40852,2.47603,2.53131,2.58307,2.63414,2.69074,2.75837,2.84494,3.00557,All
8.23432,2.64391,2.33156,2.43755,2.50682,2.56356,2.6167,2.66916,2.7273,2.7968,2.88579,3.05102,All
8.24,2.64569,2.33292,2.43904,2.50841,2.56522,2.61844,2.67097,2.72919,2.79879,2.8879,3.05337,All
8.34652,2.6792,2.35862,2.46734,2.53843,2.59668,2.65125,2.70514,2.76487,2.83631,2.92781,3.0978,All
8.46024,2.71546,2.38638,2.49791,2.57088,2.6307,2.68675,2.7421,2.80349,2.87693,2.97102,3.14593,All
8.488,2.72438,2.39321,2.50543,2.57887,2.63907,2.69548,2.7512,2.813,2.88693,2.98167,3.15779,All
8.57552,2.75271,2.41485,2.5293,2.6042,2.66563,2.72321,2.78009,2.84319,2.91869,3.01547,3.19547,All
8.69236,2.79098,2.44407,2.56151,2.63842,2.70151,2.76066,2.81912,2.88398,2.96162,3.06117,3.24645,All
8.736,2.8054,2.45507,2.57364,2.65131,2.71503,2.77478,2.83383,2.89936,2.9778,3.07841,3.26568,All
8.8108,2.83029,2.47403,2.59457,2.67355,2.73836,2.79914,2.85922,2.9259,3.00575,3.10817,3.29891,All
8.93085,2.87069,2.50477,2.62851,2.70962,2.7762,2.83867,2.90042,2.96899,3.05112,3.15652,3.35295,All
8.984,2.88874,2.5185,2.64367,2.72574,2.79311,2.85633,2.91885,2.98826,3.07143,3.17817,3.37716,All
9.05254,2.91219,2.53631,2.66334,2.74665,2.81507,2.87927,2.94277,3.0133,3.09781,3.20631,3.40864,All
9.17588,2.95488,2.56867,2.6991,2.78469,2.85501,2.92102,2.98633,3.05889,3.14586,3.25758,3.46603,All
9.232,2.97451,2.58352,2.71552,2.80217,2.87337,2.94022,3.00636,3.07986,3.16798,3.28117,3.49247,All
9.30091,2.99879,2.60187,2.73582,2.82378,2.89607,2.96396,3.03114,3.10581,3.19534,3.31038,3.5252,All
9.42763,3.04396,2.63595,2.77356,2.86397,2.9383,3.00813,3.07726,3.1541,3.24628,3.36478,3.5862,All
9.48,3.06283,2.65017,2.78931,2.88075,2.95593,3.02658,3.09652,3.17428,3.26757,3.38752,3.61171,All
9.55609,3.09045,2.67096,2.81235,2.9053,2.98174,3.05358,3.12472,3.20382,3.29875,3.42084,3.64911,All
9.68629,3.13829,2.70692,2.85222,2.94779,3.02642,3.10035,3.17357,3.25502,3.3528,3.47861,3.714,All
9.728,3.15378,2.71855,2.86511,2.96153,3.04088,3.11548,3.18938,3.2716,3.3703,3.49732,3.73503,All
9.81827,3.18755,2.74387,2.89322,2.9915,3.0724,3.14848,3.22387,3.30776,3.40849,3.53816,3.78096,All
9.95205,3.23826,2.78184,2.93537,3.03647,3.11972,3.19804,3.27567,3.36208,3.46588,3.59957,3.85005,All
9.976,3.24743,2.78869,2.94298,3.04459,3.12827,3.20699,3.28503,3.3719,3.47626,3.61067,3.86255,All
10.0877,3.29049,2.82086,2.97873,3.08274,3.16843,3.24907,3.32902,3.41805,3.52504,3.66289,3.92136,All
10.224,3.34386,2.86065,3.02297,3.12998,3.21817,3.30119,3.38354,3.47526,3.58553,3.72768,3.9944,All
10.2251,3.34429,2.86098,3.02333,3.13036,3.21857,3.30162,3.38398,3.47573,3.58603,3.72821,3.995,All
10.3644,3.39971,2.90222,3.06921,3.17938,3.27021,3.35575,3.44061,3.53518,3.64892,3.7956,4.07106,All
10.472,3.44313,2.93447,3.10512,3.21775,3.31064,3.39815,3.48499,3.58178,3.69824,3.84848,4.13078,All
10.5056,3.45682,2.94463,3.11644,3.22984,3.32339,3.41152,3.49898,3.59648,3.7138,3.86517,4.14964,All
10.6488,3.51569,2.98825,3.16504,3.28181,3.37817,3.46899,3.55916,3.65971,3.78074,3.93699,4.23084,All
10.72,3.54536,3.01019,3.1895,3.30797,3.40576,3.49794,3.58948,3.69158,3.8145,3.97322,4.27183,All
10.7939,3.57639,3.03311,3.21507,3.33534,3.43463,3.52824,3.62122,3.72494,3.84983,4.01115,4.31477,All
10.9409,3.639,3.07928,3.2666,3.39049,3.49282,3.58933,3.68523,3.79224,3.92116,4.08775,4.40154,All
10.968,3.65063,3.08784,3.27616,3.40073,3.50363,3.60069,3.69713,3.80476,3.93442,4.102,4.41769,All
11.09,3.70357,3.12679,3.31967,3.44733,3.55281,3.65234,3.75127,3.86171,3.99481,4.16689,4.49127,All
11.216,3.75904,3.16751,3.3652,3.4961,3.60432,3.70645,3.808,3.92141,4.05812,4.23496,4.56851,All
11.2411,3.7702,3.17569,3.37435,3.50591,3.61468,3.71734,3.81942,3.93342,4.07087,4.24867,4.58408,All
11.3943,3.83896,3.22605,3.4307,3.56632,3.67849,3.78441,3.88977,4.00747,4.14944,4.33319,4.6801,All
11.464,3.87066,3.24924,3.45665,3.59415,3.7079,3.81533,3.92221,4.04163,4.1857,4.3722,4.72447,All
11.5495,3.90993,3.27792,3.48878,3.62861,3.74432,3.85363,3.96239,4.08395,4.23063,4.42057,4.77949,All
11.7069,3.98321,3.33134,3.54865,3.69286,3.81225,3.92507,4.03738,4.16294,4.31453,4.51094,4.8824,All
11.712,3.9856,3.33308,3.5506,3.69495,3.81446,3.9274,4.03982,4.16552,4.31727,4.51389,4.88577,All
11.8664,4.05887,3.38638,3.61039,3.75914,3.88235,3.99884,4.11483,4.24457,4.40128,4.60443,4.98898,All
11.96,4.10392,3.41909,3.6471,3.79857,3.92407,4.04275,4.16095,4.2932,4.45298,4.66018,5.05259,All
12.0281,4.13703,3.4431,3.67406,3.82754,3.95472,4.07501,4.19485,4.32895,4.49099,4.70118,5.0994,All
12.192,4.2178,3.50156,3.73974,3.89813,4.02945,4.15371,4.27755,4.41619,4.58381,4.80133,5.2138,All
12.208,4.22577,3.50732,3.74621,3.90509,4.03682,4.16147,4.28572,4.42481,4.59297,4.81123,5.22511,All
12.3581,4.30128,3.56182,3.8075,3.971,4.10664,4.23504,4.36306,4.50643,4.67985,4.90503,5.33238,All
12.456,4.35124,3.59781,3.84801,4.01458,4.15281,4.2837,4.41424,4.56046,4.73737,4.96717,5.40351,All
12.5265,4.38759,3.62396,3.87745,4.04627,4.1864,4.31911,4.45148,4.59978,4.77925,5.01242,5.45532,All
12.6972,4.47685,3.68805,3.94966,4.12403,4.26883,4.40603,4.54293,4.69638,4.88216,5.12367,5.58281,All
12.704,4.48046,3.69063,3.95257,4.12716,4.27215,4.40954,4.54662,4.70028,4.88631,5.12816,5.58796,All
12.8702,4.56918,3.75416,4.02423,4.20437,4.35404,4.49592,4.63755,4.79636,4.98872,5.23893,5.71509,All
12.952,4.61351,3.78585,4.05999,4.24291,4.39493,4.53907,4.68297,4.84438,5.03992,5.29434,5.77874,All
13.0455,4.66471,3.8224,4.10126,4.28741,4.44216,4.58891,4.73546,4.89987,5.0991,5.35842,5.85239,All
13.2,4.7505,3.88353,4.17033,4.36191,4.52124,4.67239,4.8234,4.99287,5.19833,5.46592,5.97605,All
13.2233,4.76357,3.89284,4.18085,4.37326,4.53329,4.68512,4.83681,5.00705,5.21347,5.48232,5.99493,All
13.4035,4.8659,3.96556,4.2631,4.46202,4.62756,4.78469,4.94174,5.11809,5.33203,5.61085,6.14296,All
13.448,4.89153,3.98374,4.28368,4.48424,4.65116,4.80962,4.96802,5.14591,5.36175,5.64308,6.1801,All
13.5861,4.97187,4.04066,4.34812,4.55383,4.72511,4.88776,5.05043,5.23317,5.45497,5.74421,6.29673,All
13.696,5.03676,4.08654,4.40009,4.60998,4.78479,4.95087,5.11699,5.30367,5.53032,5.82599,6.39111,All
13.7712,5.08166,4.11824,4.43602,4.6488,4.82608,4.99452,5.16305,5.35246,5.58248,5.88262,6.45651,All
13.944,5.18632,4.19199,4.51966,4.73924,4.92228,5.09628,5.27044,5.46627,5.70419,6.01482,6.60928,All
13.9589,5.19542,4.19839,4.52692,4.74709,4.93064,5.10513,5.27978,5.47616,5.71478,6.02632,6.62258,All
14.149,5.31333,4.28122,4.62096,4.84885,5.03895,5.21974,5.40079,5.60447,5.85206,6.17554,6.79528,All
14.192,5.34033,4.30015,4.64247,4.87214,5.06373,5.24598,5.4285,5.63386,5.88352,6.20974,6.8349,All
14.3418,5.43559,4.36683,4.71829,4.95423,5.15116,5.33855,5.52629,5.73758,5.99458,6.33055,6.97493,All
14.44,5.49891,4.41108,4.76863,5.00877,5.20926,5.40008,5.5913,5.80657,6.06846,6.41096,7.06822,All
14.5372,5.56237,4.45536,4.81904,5.06339,5.26746,5.46174,5.65646,5.87572,6.14255,6.49164,7.16188,All
14.688,5.66219,4.52489,4.89823,5.14925,5.35897,5.5587,5.75897,5.98455,6.2592,6.61871,7.30952,All
14.7353,5.69389,4.54694,4.92336,5.1765,5.38802,5.58949,5.79152,6.01912,6.29627,6.65911,7.3565,All
14.936,5.83029,4.64164,5.03136,5.29366,5.51297,5.72195,5.93163,6.16797,6.45594,6.8332,7.55907,All
14.9361,5.83036,4.64169,5.03141,5.29372,5.51303,5.72202,5.9317,6.16805,6.45602,6.83328,7.55917,All
15.1396,5.97202,4.73975,5.14336,5.41523,5.64268,5.85955,6.07725,6.32277,6.62208,7.01449,7.77031,All
15.184,6.00337,4.76142,5.1681,5.44211,5.67136,5.88999,6.10947,6.35703,6.65887,7.05465,7.81715,All
15.3459,6.11913,4.84127,5.25936,5.54124,5.77721,6.00233,6.22844,6.48357,6.79478,7.20307,7.99035,All
15.432,6.18161,4.88429,5.30855,5.59469,5.83431,6.06296,6.29266,6.55189,6.86819,7.28328,8.08404,All
15.555,6.27195,4.94639,5.37959,5.67194,5.91684,6.15062,6.38553,6.65073,6.97442,7.3994,8.21976,All
15.68,6.36513,5.01032,5.45279,5.75156,6.00194,6.24102,6.48134,6.75273,7.0841,7.51933,8.36005,All
15.7669,6.43075,5.05526,5.50427,5.80758,6.06183,6.30467,6.54881,6.82458,7.16137,7.60386,8.459,All
15.928,6.55412,5.13958,5.60094,5.91283,6.17439,6.42432,6.67569,6.95974,7.3068,7.76303,8.64547,All
15.9818,6.59582,5.16804,5.63359,5.94838,6.21243,6.46476,6.71858,7.00544,7.35599,7.81689,8.70861,All
16.176,6.74872,5.27217,5.75313,6.07862,6.35181,6.61301,6.87587,7.17309,7.5365,8.01463,8.94062,All
16.1995,6.76747,5.28492,5.76778,6.09459,6.3689,6.63118,6.89516,7.19366,7.55866,8.0389,8.96912,All
16.4202,6.94603,5.40609,5.90706,6.24646,6.53153,6.80425,7.07889,7.38961,7.76978,8.27038,9.24111,All
16.424,6.94911,5.40818,5.90946,6.24908,6.53433,6.80724,7.08206,7.39299,7.77343,8.27437,9.24582,All
16.644,7.13182,5.53176,6.05169,6.40427,6.70061,6.9843,7.27011,7.59367,7.9898,8.51179,9.52524,All
16.672,7.15545,5.5477,6.07005,6.42431,6.7221,7.00718,7.29443,7.61963,8.01779,8.54252,9.56144,All
16.8708,7.32523,5.66212,6.20189,6.5683,6.87647,7.17165,7.46922,7.80626,8.21916,8.76367,9.82217,All
16.92,7.36791,5.69083,6.235,6.60447,6.91527,7.213,7.51317,7.8532,8.26983,8.81934,9.88787,All
17.1006,7.52661,5.7974,6.35796,6.73885,7.05944,7.36669,7.6766,8.02782,8.45835,9.02659,10.1326,All
17.168,7.58668,5.83766,6.40444,6.78968,7.11399,7.42486,7.73846,8.09393,8.52977,9.10513,10.2255,All
17.3336,7.73639,5.93782,6.52016,6.91626,7.24987,7.5698,7.89267,8.25879,8.7079,9.30116,10.4573,All
17.416,7.81193,5.98827,6.57849,6.98008,7.31841,7.64293,7.9705,8.34202,8.79787,9.40021,10.5746,All
17.5698,7.95498,6.08363,6.6888,7.10084,7.44814,7.78138,8.11788,8.49968,8.96838,9.58801,10.7971,All
17.664,8.04386,6.14278,6.75727,7.17582,7.52871,7.8674,8.20947,8.59771,9.07443,9.70487,10.9357,All
17.8092,8.18283,6.23509,6.86419,7.29296,7.65462,8.00186,8.3527,8.75105,9.24038,9.88782,11.1528,All
17.912,8.28266,6.30128,6.9409,7.37705,7.74503,8.09844,8.45562,8.86126,9.3597,10.0194,11.3091,All
18.0519,8.42046,6.39246,7.04665,7.493,7.86975,8.23172,8.59768,9.01344,9.52452,10.2013,11.5253,All
18.16,8.52857,6.46386,7.12952,7.5839,7.96756,8.33627,8.70916,9.1329,9.65395,10.3442,11.6953,All
18.2978,8.66838,6.55603,7.23655,7.70135,8.09398,8.47146,8.85334,9.28746,9.82147,10.5292,11.9155,All
18.408,8.7818,6.63065,7.32326,7.79654,8.19649,8.58111,8.97032,9.41289,9.95747,10.6795,12.0946,All
18.5471,8.92715,6.72609,7.43425,7.91844,8.3278,8.72161,9.12026,9.57372,10.1319,10.8723,12.3245,All
18.656,9.04256,6.80173,7.52225,8.01515,8.432,8.83315,9.23933,9.70147,10.2705,11.0257,12.5075,All
18.7999,9.19735,6.90298,7.64014,8.14476,8.57171,8.98273,9.39905,9.87291,10.4566,11.2316,12.7534,All
18.904,9.31107,6.97722,7.72664,8.2399,8.67431,9.09261,9.51641,9.99892,10.5935,11.383,12.9344,All
19.056,9.47959,7.087,7.85466,8.38077,8.82625,9.2554,9.69034,10.1857,10.7964,11.6078,13.2033,All
19.152,9.58757,7.15722,7.9366,8.47097,8.92358,9.3597,9.80182,10.3055,10.9265,11.7519,13.376,All
19.3157,9.77452,7.27854,8.07827,8.62699,9.092,9.54024,9.99483,10.5129,11.152,12.0019,13.6756,All
19.4,9.87229,7.34186,8.15227,8.70853,9.18004,9.63465,10.0958,10.6214,11.27,12.1328,13.8326,All
19.5788,10.0828,7.47796,8.31143,8.88397,9.36953,9.83792,10.3132,10.8553,11.5244,12.415,14.1716,All
19.648,10.1655,7.53127,8.37382,8.95276,9.44387,9.91767,10.3986,10.9471,11.6243,12.5259,14.3049,All
19.8456,10.4053,7.68569,8.55466,9.15227,9.65951,10.1491,10.6463,11.2136,11.9145,12.8483,14.6927,All
19.896,10.4673,7.72558,8.6014,9.20385,9.71528,10.209,10.7104,11.2827,11.9897,12.9318,14.7933,All
20.116,10.7426,7.90216,8.80847,9.4325,9.96259,10.4746,10.9949,11.5889,12.3234,13.3029,15.2406,All
20.144,10.7781,7.92491,8.83517,9.46199,9.9945,10.5089,11.0316,11.6285,12.3665,13.3509,15.2984,All
20.3901,11.0957,8.12781,9.07344,9.7253,10.2795,10.8152,11.3598,11.9821,12.7522,13.7803,15.8168,All
20.392,11.0982,8.1294,9.07531,9.72737,10.2817,10.8176,11.3624,11.9849,12.7552,13.7836,15.8208,All
20.64,11.4276,8.33917,9.32197,10.0002,10.5772,11.1353,11.703,12.3522,13.1562,14.2304,16.3611,All
20.6679,11.4653,8.36312,9.35016,10.0314,10.611,11.1716,11.742,12.3943,13.2021,14.2816,16.423,All
20.888,11.7669,8.55436,9.57533,10.2806,10.8811,11.4622,12.0539,12.7309,13.5698,14.6917,16.9197,All
20.9495,11.8526,8.6086,9.63925,10.3514,10.9578,11.5449,12.1426,12.8266,13.6744,14.8084,17.0612,All
21.136,12.1162,8.77511,9.83557,10.5689,11.1937,11.7989,12.4153,13.1212,13.9965,15.1679,17.4974,All
21.235,12.2585,8.86479,9.94139,10.6862,11.321,11.936,12.5626,13.2803,14.1705,15.3622,17.7333,All
21.384,12.476,9.00155,10.1029,10.8652,11.5153,12.1454,12.7876,13.5234,14.4365,15.6596,18.0946,All
21.5243,12.6842,9.13224,10.2573,11.0366,11.7014,12.346,13.0032,13.7565,14.6916,15.9447,18.4415,All
21.632,12.8464,9.23384,10.3774,11.1699,11.8462,12.5021,13.1711,13.9381,14.8904,16.1671,18.7123,All
21.8176,13.1309,9.41157,10.5877,11.4034,12.1,12.7759,13.4656,14.2567,15.2394,16.5576,19.1883,All
21.88,13.2279,9.47211,10.6594,11.4831,12.1866,12.8694,13.5662,14.3654,15.3586,16.6911,19.3511,All
22.1149,13.5996,9.7034,10.9334,11.7878,12.518,13.2271,13.9512,14.7822,15.8155,17.2029,19.9762,All
22.128,13.6207,9.71651,10.949,11.8051,12.5368,13.2474,13.973,14.8059,15.8415,17.2319,20.0117,All
22.376,14.0252,9.9672,11.2465,12.1361,12.8971,13.6366,14.3921,15.2598,16.3394,17.7903,20.695,All
22.4162,14.0919,10.0084,11.2955,12.1906,12.9565,13.7007,14.4612,15.3346,16.4216,17.8825,20.8079,All
22.624,14.4417,10.2243,11.5521,12.4765,13.2678,14.0372,14.8237,15.7276,16.853,18.3668,21.4016,All
22.7216,14.6091,10.3273,11.6747,12.6131,13.4166,14.198,14.9971,15.9156,17.0595,18.5988,21.6863,All
22.872,14.8706,10.4881,11.8661,12.8264,13.6491,14.4495,15.2683,16.2097,17.3827,18.962,22.1324,All
23.0312,15.1526,10.661,12.0721,13.0562,13.8997,14.7206,15.5606,16.5269,17.7315,19.3543,22.6146,All
23.12,15.3122,10.7587,12.1886,13.1862,14.0414,14.8739,15.7261,16.7065,17.9291,19.5766,22.8881,All
23.345,15.7241,11.0102,12.4888,13.5213,14.407,15.2698,16.1533,17.1704,18.4397,20.1515,23.5961,All
23.368,15.7668,11.0362,12.5198,13.556,14.4449,15.3108,16.1976,17.2185,18.4927,20.2111,23.6697,All
23.616,16.2348,11.321,12.8601,13.9362,14.86,15.7605,16.6832,17.7463,19.074,20.8662,24.4778,All
23.6631,16.3252,11.3759,12.9258,14.0096,14.9402,15.8473,16.7771,17.8484,19.1865,20.993,24.6343,All
23.864,16.7168,11.6131,13.2097,14.327,15.287,16.2232,17.1834,18.2903,19.6737,21.5426,25.3133,All
23.9855,16.9581,11.759,13.3844,14.5225,15.5007,16.455,17.434,18.563,19.9744,21.882,25.7331,All
24.112,17.2131,11.9128,13.5687,14.7288,15.7262,16.6997,17.6987,18.8511,20.2923,22.2409,26.1774,All
24.3123,17.6247,12.1605,13.8658,15.0615,16.0902,17.0948,18.1262,19.3166,20.8061,22.8214,26.8969,All
24.36,17.7242,12.2202,13.9375,15.1418,16.178,17.1901,18.2294,19.429,20.9303,22.9617,27.071,All
24.608,18.2505,12.5356,14.3162,15.5663,16.6428,17.695,18.7761,20.0247,21.5883,23.7058,27.9952,All
24.6436,18.3273,12.5815,14.3714,15.6282,16.7107,17.7687,18.8559,20.1117,21.6845,23.8146,28.1304,All
24.856,18.7924,12.8591,14.7052,16.0027,17.1211,18.2148,19.3392,20.6387,22.267,24.474,28.951,All
24.9794,19.068,13.0231,14.9027,16.2244,17.3641,18.4791,19.6256,20.9511,22.6126,24.8653,29.4386,All
25.104,19.3505,13.1909,15.1048,16.4514,17.6131,18.7499,19.9192,21.2714,22.967,25.267,29.9395,All
25.3197,19.8494,13.4865,15.4612,16.852,18.0526,19.2281,20.4379,21.8375,23.5937,25.9778,30.8269,All
25.352,19.9251,13.5313,15.5152,16.9128,18.1192,19.3007,20.5166,21.9235,23.6889,26.0858,30.9619,All
25.6,20.5168,13.8804,15.9368,17.3871,18.64,19.8676,21.1319,22.5955,24.4334,26.9312,32.0191,All
25.6647,20.6741,13.9729,16.0487,17.513,18.7783,20.0183,21.2955,22.7743,24.6315,27.1563,32.3009,All
25.848,21.126,14.2385,16.3698,17.8747,19.1757,20.4512,21.7656,23.2881,25.2014,27.8041,33.1124,All
26.0144,21.5449,14.4839,16.667,18.2096,19.5438,20.8524,22.2014,23.7646,25.7303,28.4056,33.8668,All
26.096,21.7533,14.6057,16.8147,18.376,19.7268,21.052,22.4182,24.0018,25.9936,28.7053,34.2429,All
26.344,22.3991,14.9825,17.2717,18.8914,20.2937,21.6703,23.0903,24.7375,26.8108,29.6358,35.4118,All
26.3689,22.4649,15.0208,17.3182,18.9439,20.3515,21.7332,23.1588,24.8125,26.8941,29.7307,35.5312,All
26.592,23.064,15.3691,17.7411,19.4213,20.8769,22.3066,23.7825,25.4958,27.6537,30.5964,36.6206,All
26.7282,23.4374,15.5855,18.0043,19.7184,21.2041,22.6639,24.1714,25.922,28.1277,31.1369,37.3017,All
26.84,23.7487,15.7656,18.2233,19.9659,21.4768,22.9616,24.4956,26.2774,28.5231,31.5881,37.8706,All
27.088,24.4538,16.1724,18.7186,20.5258,22.0938,23.636,25.2302,27.0831,29.4199,32.6118,39.1635,All
27.0923,24.4663,16.1796,18.7274,20.5358,22.1047,23.6479,25.2432,27.0974,29.4359,32.63,39.1865,All
27.336,25.1799,16.5897,19.2274,21.1014,22.7285,24.3302,25.9868,27.9134,30.3449,33.6687,40.5007,All
27.4615,25.5555,16.805,19.49,21.3987,23.0566,24.6892,26.3783,28.3432,30.8239,34.2163,41.1946,All
27.584,25.9276,17.0178,19.7499,21.693,23.3816,25.0448,26.7662,28.7692,31.2989,34.7596,41.8835,All
27.832,26.6976,17.457,20.2866,22.3012,24.0534,25.7804,27.5689,29.6513,32.2828,35.8859,43.3137,All
27.8357,26.7091,17.4635,20.2946,22.3103,24.0635,25.7915,27.5809,29.6645,32.2975,35.9028,43.3351,All
28.08,27.4904,17.9074,20.8378,22.9265,24.7446,26.5378,28.3957,30.5603,33.2974,37.0489,44.7927,All
28.2149,27.9316,18.1574,21.144,23.2741,25.129,26.9591,28.8559,31.0665,33.8628,37.6974,45.6185,All
28.328,28.3067,18.3695,21.404,23.5694,25.4558,27.3173,29.2473,31.4971,34.3439,38.2496,46.3222,All
28.576,29.1473,18.8435,21.9855,24.2304,26.1873,28.1198,30.1244,32.4625,35.4235,39.4894,47.9037,All
28.5994,29.2278,18.8888,22.0412,24.2936,26.2573,28.1966,30.2084,32.5549,35.5269,39.6082,48.0555,All
28.824,30.0128,19.3297,22.583,24.9099,26.94,28.9458,31.0277,33.4574,36.537,40.7693,49.539,All
28.989,30.6029,19.6602,22.9895,25.3727,27.4528,29.5089,31.6437,34.1364,37.2974,41.6441,50.658,All
29.072,30.9039,19.8284,23.1967,25.6085,27.7142,29.796,31.9579,34.4829,37.6856,42.0909,51.23,All
29.32,31.8213,20.3399,23.8271,26.3268,28.5107,30.6711,32.916,35.5399,38.8705,43.4552,52.9787,All
29.384,32.0625,20.4741,23.9926,26.5155,28.72,30.9011,33.168,35.8181,39.1824,43.8145,53.4399,All
29.568,32.7659,20.8646,24.4746,27.0651,29.33,31.5717,33.9029,36.6294,40.0926,44.8636,54.7874,All
29.7844,33.6132,21.3335,25.0541,27.7263,30.064,32.3792,34.7883,37.6074,41.1903,46.1298,56.4161,All
29.816,33.7387,21.4029,25.1398,27.8242,30.1727,32.4989,34.9195,37.7524,41.3531,46.3176,56.6579,All
30.064,34.7404,21.9551,25.8231,28.6045,31.0395,33.4533,35.9667,38.9099,42.6533,47.8185,58.5925,All
30.1902,35.2617,22.2416,26.178,29.01,31.4903,33.9498,36.5117,39.5126,43.3306,48.6009,59.6024,All
30.312,35.772,22.5216,26.525,29.4066,31.9313,34.4358,37.0453,40.1028,43.9942,49.3679,60.5932,All
30.56,36.8342,23.1027,27.2459,30.2311,32.8488,35.4473,38.1563,41.3324,45.3772,50.9676,62.6622,All
30.6016,37.0154,23.2016,27.3687,30.3715,33.0052,35.6198,38.3458,41.5422,45.6132,51.2409,63.0159,All
30.808,37.9281,23.6988,27.9863,31.0786,33.7927,36.4885,39.3007,42.5995,46.8034,52.6194,64.8018,All
31.0185,38.8822,24.217,28.6307,31.8168,34.6153,37.3965,40.2991,43.7056,48.0492,54.0637,66.6753,All
31.056,39.0544,24.3104,28.7468,31.95,34.7638,37.5604,40.4794,43.9054,48.2744,54.3248,67.0143,All
31.304,40.2142,24.9377,29.5279,32.8459,35.7628,38.6638,41.6933,45.2512,49.7918,56.0856,69.3021,All
31.4412,40.8704,25.2917,29.969,33.3523,36.3277,39.2879,42.3803,46.0131,50.6515,57.084,70.6008,All
31.552,41.4083,25.5813,30.3301,33.767,36.7906,39.7995,42.9436,46.638,51.357,57.9036,71.6676,All
31.8,42.6378,26.2414,31.1543,34.714,37.848,40.9686,44.2312,48.0675,52.9715,59.7805,74.114,All
31.8696,42.9893,26.4296,31.3895,34.9844,38.15,41.3027,44.5992,48.4763,53.4336,60.3179,74.8153,All
32.048,43.9037,26.9184,32.0008,35.6876,38.9357,42.1719,45.5572,49.5409,54.6369,61.7182,76.6441,All
32.296,45.207,27.6129,32.8705,36.6885,40.0547,43.4104,46.9231,51.0596,56.3547,63.7185,79.2609,All
32.3038,45.2486,27.6351,32.8983,36.7205,40.0904,43.45,46.9667,51.1082,56.4097,63.7826,79.3448,All
32.544,46.549,28.3253,33.7638,37.7175,41.2057,44.6852,48.33,52.6249,58.1266,65.7835,81.9672,All
32.744,47.6602,28.9129,34.5018,38.5681,42.1577,45.7402,49.4952,53.922,59.5957,67.4968,84.2165,All
32.792,47.931,29.0559,34.6815,38.7753,42.3897,45.9974,49.7792,54.2384,59.9541,67.915,84.766,All
33.04,49.3542,29.8055,35.6241,39.8627,43.6075,47.3483,51.2721,55.9013,61.8389,70.1156,87.6605,All
33.1901,50.2361,30.2686,36.2071,40.5357,44.3616,48.1852,52.1974,56.9325,63.0084,71.4823,89.4603,All
33.288,50.8197,30.5745,36.5923,40.9806,44.8603,48.7389,52.8097,57.6152,63.7828,72.3878,90.6537,All
33.536,52.3288,31.3633,37.5869,42.1296,46.1493,50.1705,54.3935,59.3816,65.7875,74.7338,93.7489,All
33.6423,52.9896,31.7078,38.0216,42.6321,46.7133,50.7972,55.0872,60.1555,66.6663,75.763,95.1082,All
33.784,53.8828,32.1726,38.6084,43.3107,47.4753,51.6443,56.0249,61.202,67.8552,77.156,96.9494,All
34.032,55.4829,33.0028,39.6576,44.5251,48.8396,53.1614,57.7051,63.078,69.9881,79.6569,100.259,All
34.1007,55.9347,33.2367,39.9534,44.8676,49.2246,53.5897,58.1796,63.6079,70.591,80.3642,101.196,All
34.28,57.1305,33.8544,40.7352,45.7736,50.2432,54.723,59.4356,65.0112,72.1882,82.2389,103.681,All
34.528,58.827,34.7281,41.842,47.0572,51.6872,56.3305,61.2178,67.0037,74.4576,84.9046,107.22,All
34.5654,59.0869,34.8616,42.0113,47.2537,51.9083,56.5768,61.4909,67.3092,74.8057,85.3137,107.764,All
34.776,60.5736,35.6242,42.9788,48.3768,53.1726,57.9851,63.0531,69.0575,76.7985,87.6565,110.881,All
35.024,62.3718,36.5435,44.1466,49.7336,54.7008,59.6882,64.9435,71.1745,79.2131,90.4975,114.667,All
35.0363,62.4626,36.5898,44.2056,49.8021,54.778,59.7742,65.039,71.2815,79.3352,90.6412,114.859,All
35.272,64.2233,37.4864,45.3463,51.1284,56.2728,61.4411,66.8906,73.3565,81.7036,93.4301,118.582,All
35.5137,66.081,38.4288,46.547,52.5256,57.8484,63.1989,68.8449,75.5477,84.2064,96.3796,122.527,All
35.52,66.13,38.4536,46.5786,52.5624,57.8899,63.2453,68.8964,75.6055,84.2724,96.4574,122.631,All
35.768,68.0934,39.4456,47.8445,54.0366,59.5533,65.1026,70.9624,77.9235,86.9218,99.583,126.819,All
35.9976,69.9633,40.3868,49.0473,55.4382,61.1357,66.8709,72.9306,80.133,89.4486,102.567,130.823,All
36.016,70.1153,40.4631,49.1449,55.5521,61.2642,67.0146,73.0905,80.3126,89.6542,102.81,131.149,All
36.264,72.1973,41.507,50.4806,57.1099,63.0243,68.9829,75.2826,82.7749,92.472,106.142,135.626,All
36.4881,74.1319,42.4734,51.7188,58.5549,64.6583,70.8113,77.3198,85.0645,95.0942,109.246,139.803,All
36.512,74.3413,42.5778,51.8527,58.7112,64.8351,71.0092,77.5404,85.3125,95.3783,109.583,140.256,All
36.76,76.549,43.6763,53.262,60.3572,66.6982,73.0951,79.8659,87.9277,98.3763,113.134,145.043,All
36.9853,78.6109,44.6987,54.5751,61.8923,68.4368,75.0428,82.0384,90.372,101.181,116.46,149.534,All
37.008,78.8222,44.8033,54.7095,62.0495,68.6148,75.2423,82.261,90.6225,101.469,116.802,149.995,All
37.256,81.1628,45.9594,56.1962,63.7893,70.5867,77.4526,84.7278,93.4,104.659,120.588,155.116,All
37.4892,83.4269,47.0737,57.6308,65.4699,72.4926,79.5901,87.1145,96.0895,107.75,124.259,160.091,All
37.504,83.5728,47.1454,57.7231,65.5781,72.6153,79.7277,87.2683,96.2628,107.949,124.496,160.412,All
37.752,86.054,48.362,59.2914,67.4171,74.7023,82.0696,89.8845,99.2137,111.343,128.531,165.889,All
38,88.6086,49.61,60.9024,69.3078,76.8492,84.48,92.5794,102.255,114.844,132.696,171.554,All
