pwRes_abscissa,pwRes_cdf,iwRes_abscissa,iwRes_cdf,npde_abscissa,npde_cdf,split
-4,0,-4,0,-4,0,All
-0.0681156,0.00170068,-0.0268598,0.00170068,-0.0229174,0.00170068,All
0.0408579,0.00340136,-0.0268598,0.00340136,0.0243491,0.00340136,All
0.0742707,0.00510204,0.128764,0.00510204,0.126986,0.00510204,All
0.180921,0.00680272,0.274036,0.00680272,0.165999,0.00680272,All
0.189807,0.0085034,0.298784,0.0085034,0.203548,0.0085034,All
0.200032,0.0102041,0.310893,0.0102041,0.204084,0.0102041,All
0.230155,0.0119048,0.312622,0.0119048,0.217425,0.0119048,All
0.23565,0.0136054,0.314832,0.0136054,0.21892,0.0136054,All
0.248557,0.0153061,0.315014,0.0153061,0.225686,0.0153061,All
0.256014,0.0170068,0.319674,0.0170068,0.237268,0.0170068,All
0.258729,0.0187075,0.331355,0.0187075,0.250259,0.0187075,All
0.262636,0.0204082,0.332005,0.0204082,0.266814,0.0204082,All
0.269335,0.0221088,0.351209,0.0221088,0.288894,0.0221088,All
0.269538,0.0238095,0.3522,0.0238095,0.309607,0.0238095,All
0.293293,0.0255102,0.366597,0.0255102,0.315073,0.0255102,All
0.302879,0.0272109,0.368312,0.0272109,0.317842,0.0272109,All
0.307289,0.0289116,0.371106,0.0289116,0.319624,0.0289116,All
0.308195,0.0306122,0.373345,0.0306122,0.322902,0.0306122,All
0.323985,0.0323129,0.373899,0.0323129,0.324929,0.0323129,All
0.331097,0.0340136,0.398085,0.0340136,0.325657,0.0340136,All
0.331256,0.0357143,0.424077,0.0357143,0.330689,0.0357143,All
0.335583,0.037415,0.428779,0.037415,0.342458,0.037415,All
0.335783,0.0391156,0.433682,0.0391156,0.345684,0.0391156,All
0.339692,0.0408163,0.447758,0.0408163,0.352837,0.0408163,All
0.34231,0.042517,0.448982,0.042517,0.356905,0.042517,All
0.344309,0.0442177,0.449207,0.0442177,0.357675,0.0442177,All
0.344672,0.0459184,0.461526,0.0459184,0.359691,0.0459184,All
0.345558,0.047619,0.467103,0.047619,0.361091,0.047619,All
0.346498,0.0493197,0.46883,0.0493197,0.362198,0.0493197,All
0.349028,0.0510204,0.46971,0.0510204,0.385065,0.0510204,All
0.353812,0.0527211,0.469832,0.0527211,0.390253,0.0527211,All
0.359964,0.0544218,0.475031,0.0544218,0.393342,0.0544218,All
0.364266,0.0561224,0.476328,0.0561224,0.394407,0.0561224,All
0.367293,0.0578231,0.4801,0.0578231,0.396246,0.0578231,All
0.369952,0.0595238,0.484644,0.0595238,0.408166,0.0595238,All
0.372189,0.0612245,0.485517,0.0612245,0.416556,0.0612245,All
0.379191,0.0629252,0.495761,0.0629252,0.420035,0.0629252,All
0.383785,0.0646259,0.496703,0.0646259,0.428018,0.0646259,All
0.396829,0.0663265,0.500271,0.0663265,0.428363,0.0663265,All
0.398227,0.0680272,0.502159,0.0680272,0.428847,0.0680272,All
0.409661,0.0697279,0.503072,0.0697279,0.436099,0.0697279,All
0.412368,0.0714286,0.504889,0.0714286,0.440867,0.0714286,All
0.41348,0.0731293,0.509833,0.0731293,0.448775,0.0731293,All
0.413769,0.0748299,0.512961,0.0748299,0.45223,0.0748299,All
0.415632,0.0765306,0.523089,0.0765306,0.454138,0.0765306,All
0.417082,0.0782313,0.52702,0.0782313,0.456264,0.0782313,All
0.417703,0.079932,0.536746,0.079932,0.456782,0.079932,All
0.417982,0.0816327,0.537939,0.0816327,0.461966,0.0816327,All
0.419497,0.0833333,0.53811,0.0833333,0.46215,0.0833333,All
0.420672,0.085034,0.54064,0.085034,0.466595,0.085034,All
0.42645,0.0867347,0.540862,0.0867347,0.468037,0.0867347,All
0.426863,0.0884354,0.541798,0.0884354,0.470137,0.0884354,All
0.429624,0.0901361,0.547185,0.0901361,0.471612,0.0901361,All
0.429796,0.0918367,0.54968,0.0918367,0.472253,0.0918367,All
0.430479,0.0935374,0.554535,0.0935374,0.472857,0.0935374,All
0.431253,0.0952381,0.554893,0.0952381,0.475533,0.0952381,All
0.432977,0.0969388,0.560622,0.0969388,0.478503,0.0969388,All
0.436408,0.0986395,0.562527,0.0986395,0.48163,0.0986395,All
0.436686,0.10034,0.568661,0.10034,0.482713,0.10034,All
0.440799,0.102041,0.570371,0.102041,0.488927,0.102041,All
0.442785,0.103741,0.570435,0.103741,0.492568,0.103741,All
0.443223,0.105442,0.570812,0.105442,0.492785,0.105442,All
0.446972,0.107143,0.572583,0.107143,0.497319,0.107143,All
0.44716,0.108844,0.573765,0.108844,0.500544,0.108844,All
0.449195,0.110544,0.576113,0.110544,0.500922,0.110544,All
0.449683,0.112245,0.576568,0.112245,0.504618,0.112245,All
0.451885,0.113946,0.583461,0.113946,0.507242,0.113946,All
0.453155,0.115646,0.585285,0.115646,0.514355,0.115646,All
0.455649,0.117347,0.585926,0.117347,0.515221,0.117347,All
0.457012,0.119048,0.588081,0.119048,0.51859,0.119048,All
0.460958,0.120748,0.594978,0.120748,0.519502,0.120748,All
0.46619,0.122449,0.596552,0.122449,0.521575,0.122449,All
0.46821,0.12415,0.598742,0.12415,0.523814,0.12415,All
0.47562,0.12585,0.60078,0.12585,0.524513,0.12585,All
0.47755,0.127551,0.602967,0.127551,0.526559,0.127551,All
0.48001,0.129252,0.603101,0.129252,0.528089,0.129252,All
0.484299,0.130952,0.608184,0.130952,0.529513,0.130952,All
0.487404,0.132653,0.609714,0.132653,0.53109,0.132653,All
0.488452,0.134354,0.611307,0.134354,0.53204,0.134354,All
0.488711,0.136054,0.612223,0.136054,0.532564,0.136054,All
0.49026,0.137755,0.612456,0.137755,0.536297,0.137755,All
0.491731,0.139456,0.61509,0.139456,0.536388,0.139456,All
0.496116,0.141156,0.616677,0.141156,0.539227,0.141156,All
0.500262,0.142857,0.617868,0.142857,0.539417,0.142857,All
0.501445,0.144558,0.620421,0.144558,0.539732,0.144558,All
0.50321,0.146259,0.620438,0.146259,0.543208,0.146259,All
0.50721,0.147959,0.62091,0.147959,0.54506,0.147959,All
0.508671,0.14966,0.622343,0.14966,0.553879,0.14966,All
0.512544,0.151361,0.624895,0.151361,0.554148,0.151361,All
0.516181,0.153061,0.626575,0.153061,0.554789,0.153061,All
0.516673,0.154762,0.628942,0.154762,0.559395,0.154762,All
0.518375,0.156463,0.632429,0.156463,0.561227,0.156463,All
0.520031,0.158163,0.634482,0.158163,0.562092,0.158163,All
0.522693,0.159864,0.637955,0.159864,0.563391,0.159864,All
0.527398,0.161565,0.638106,0.161565,0.565537,0.161565,All
0.531798,0.163265,0.639595,0.163265,0.566812,0.163265,All
0.53351,0.164966,0.64003,0.164966,0.571997,0.164966,All
0.533734,0.166667,0.642813,0.166667,0.572572,0.166667,All
0.535689,0.168367,0.643052,0.168367,0.57461,0.168367,All
0.538083,0.170068,0.643393,0.170068,0.575684,0.170068,All
0.539178,0.171769,0.652247,0.171769,0.577234,0.171769,All
0.540827,0.173469,0.653786,0.173469,0.578927,0.173469,All
0.542804,0.17517,0.654107,0.17517,0.580487,0.17517,All
0.54324,0.176871,0.655338,0.176871,0.58074,0.176871,All
0.546889,0.178571,0.657579,0.178571,0.585157,0.178571,All
0.546892,0.180272,0.659773,0.180272,0.587922,0.180272,All
0.547671,0.181973,0.660788,0.181973,0.588083,0.181973,All
0.547996,0.183673,0.661432,0.183673,0.588778,0.183673,All
0.548676,0.185374,0.662408,0.185374,0.588965,0.185374,All
0.550341,0.187075,0.662706,0.187075,0.592206,0.187075,All
0.552335,0.188776,0.664478,0.188776,0.593001,0.188776,All
0.553662,0.190476,0.667689,0.190476,0.596076,0.190476,All
0.554028,0.192177,0.66779,0.192177,0.598068,0.192177,All
0.555443,0.193878,0.66787,0.193878,0.598796,0.193878,All
0.555723,0.195578,0.669834,0.195578,0.601725,0.195578,All
0.555939,0.197279,0.670849,0.197279,0.603302,0.197279,All
0.557836,0.19898,0.671274,0.19898,0.605051,0.19898,All
0.559391,0.20068,0.672124,0.20068,0.608972,0.20068,All
0.559674,0.202381,0.673209,0.202381,0.610423,0.202381,All
0.559793,0.204082,0.675983,0.204082,0.611097,0.204082,All
0.55996,0.205782,0.679482,0.205782,0.613039,0.205782,All
0.560225,0.207483,0.680008,0.207483,0.613906,0.207483,All
0.561392,0.209184,0.682335,0.209184,0.616678,0.209184,All
0.561481,0.210884,0.683857,0.210884,0.617786,0.210884,All
0.564587,0.212585,0.68547,0.212585,0.61891,0.212585,All
0.564873,0.214286,0.689465,0.214286,0.619546,0.214286,All
0.565366,0.215986,0.690518,0.215986,0.621379,0.215986,All
0.56627,0.217687,0.692601,0.217687,0.622009,0.217687,All
0.56712,0.219388,0.693012,0.219388,0.622011,0.219388,All
0.567451,0.221088,0.693102,0.221088,0.63015,0.221088,All
0.569063,0.222789,0.694074,0.222789,0.636616,0.222789,All
0.570265,0.22449,0.697191,0.22449,0.639672,0.22449,All
0.57302,0.22619,0.697589,0.22619,0.640261,0.22619,All
0.574696,0.227891,0.699286,0.227891,0.643408,0.227891,All
0.576121,0.229592,0.7025,0.229592,0.644608,0.229592,All
0.57779,0.231293,0.704921,0.231293,0.652094,0.231293,All
0.578532,0.232993,0.705188,0.232993,0.655158,0.232993,All
0.580895,0.234694,0.705446,0.234694,0.655188,0.234694,All
0.580967,0.236395,0.705672,0.236395,0.655468,0.236395,All
0.581391,0.238095,0.706276,0.238095,0.655504,0.238095,All
0.581628,0.239796,0.708879,0.239796,0.656556,0.239796,All
0.581888,0.241497,0.711701,0.241497,0.657914,0.241497,All
0.58837,0.243197,0.71746,0.243197,0.65813,0.243197,All
0.588616,0.244898,0.717598,0.244898,0.658173,0.244898,All
0.595894,0.246599,0.72199,0.246599,0.658263,0.246599,All
0.597042,0.248299,0.726596,0.248299,0.660328,0.248299,All
0.597709,0.25,0.727551,0.25,0.663114,0.25,All
0.600155,0.251701,0.727637,0.251701,0.665356,0.251701,All
0.600792,0.253401,0.728303,0.253401,0.665451,0.253401,All
0.604479,0.255102,0.728663,0.255102,0.665704,0.255102,All
0.60574,0.256803,0.729128,0.256803,0.667801,0.256803,All
0.606615,0.258503,0.731234,0.258503,0.66897,0.258503,All
0.607131,0.260204,0.731793,0.260204,0.669989,0.260204,All
0.609499,0.261905,0.738517,0.261905,0.671758,0.261905,All
0.610929,0.263605,0.741568,0.263605,0.673771,0.263605,All
0.614161,0.265306,0.743156,0.265306,0.673899,0.265306,All
0.615615,0.267007,0.747084,0.267007,0.674247,0.267007,All
0.616736,0.268707,0.747644,0.268707,0.676107,0.268707,All
0.617314,0.270408,0.748788,0.270408,0.676381,0.270408,All
0.617746,0.272109,0.748839,0.272109,0.67883,0.272109,All
0.618611,0.27381,0.750687,0.27381,0.680437,0.27381,All
0.619782,0.27551,0.750829,0.27551,0.680501,0.27551,All
0.621049,0.277211,0.752055,0.277211,0.681483,0.277211,All
0.621525,0.278912,0.752131,0.278912,0.682428,0.278912,All
0.622161,0.280612,0.754282,0.280612,0.684223,0.280612,All
0.62501,0.282313,0.754916,0.282313,0.687761,0.282313,All
0.62818,0.284014,0.755436,0.284014,0.689495,0.284014,All
0.629198,0.285714,0.755491,0.285714,0.691337,0.285714,All
0.631455,0.287415,0.756139,0.287415,0.694259,0.287415,All
0.634789,0.289116,0.756802,0.289116,0.695021,0.289116,All
0.640208,0.290816,0.757178,0.290816,0.696702,0.290816,All
0.641579,0.292517,0.757331,0.292517,0.697712,0.292517,All
0.645463,0.294218,0.760013,0.294218,0.699568,0.294218,All
0.645519,0.295918,0.761092,0.295918,0.699708,0.295918,All
0.647872,0.297619,0.761106,0.297619,0.700165,0.297619,All
0.648168,0.29932,0.764118,0.29932,0.70039,0.29932,All
0.651763,0.30102,0.764507,0.30102,0.701461,0.30102,All
0.655471,0.302721,0.764794,0.302721,0.701782,0.302721,All
0.656629,0.304422,0.765694,0.304422,0.70231,0.304422,All
0.65714,0.306122,0.765703,0.306122,0.704779,0.306122,All
0.658176,0.307823,0.767014,0.307823,0.704894,0.307823,All
0.659327,0.309524,0.767066,0.309524,0.708509,0.309524,All
0.660436,0.311224,0.767322,0.311224,0.709664,0.311224,All
0.660872,0.312925,0.767897,0.312925,0.710645,0.312925,All
0.662068,0.314626,0.768722,0.314626,0.711458,0.314626,All
0.663264,0.316327,0.769474,0.316327,0.711916,0.316327,All
0.664527,0.318027,0.772391,0.318027,0.712204,0.318027,All
0.665086,0.319728,0.772713,0.319728,0.713998,0.319728,All
0.66562,0.321429,0.772803,0.321429,0.718047,0.321429,All
0.665928,0.323129,0.773846,0.323129,0.721546,0.323129,All
0.666041,0.32483,0.774471,0.32483,0.727906,0.32483,All
0.668134,0.326531,0.774625,0.326531,0.736323,0.326531,All
0.669022,0.328231,0.776795,0.328231,0.736712,0.328231,All
0.672098,0.329932,0.782938,0.329932,0.737318,0.329932,All
0.673035,0.331633,0.783747,0.331633,0.740002,0.331633,All
0.673528,0.333333,0.786191,0.333333,0.740415,0.333333,All
0.675429,0.335034,0.791765,0.335034,0.744874,0.335034,All
0.676371,0.336735,0.791958,0.336735,0.747553,0.336735,All
0.680391,0.338435,0.796084,0.338435,0.748466,0.338435,All
0.681041,0.340136,0.796205,0.340136,0.749856,0.340136,All
0.682343,0.341837,0.797349,0.341837,0.749912,0.341837,All
0.683123,0.343537,0.798279,0.343537,0.750321,0.343537,All
0.684201,0.345238,0.798603,0.345238,0.751075,0.345238,All
0.684228,0.346939,0.798609,0.346939,0.75147,0.346939,All
0.684574,0.348639,0.800622,0.348639,0.751572,0.348639,All
0.690248,0.35034,0.800644,0.35034,0.751574,0.35034,All
0.691954,0.352041,0.804459,0.352041,0.752068,0.352041,All
0.691976,0.353741,0.805666,0.353741,0.752074,0.353741,All
0.693591,0.355442,0.806253,0.355442,0.75235,0.355442,All
0.694544,0.357143,0.806459,0.357143,0.752645,0.357143,All
0.698725,0.358844,0.80701,0.358844,0.752652,0.358844,All
0.698853,0.360544,0.808645,0.360544,0.752932,0.360544,All
0.699629,0.362245,0.811167,0.362245,0.756037,0.362245,All
0.702098,0.363946,0.813756,0.363946,0.75672,0.363946,All
0.704048,0.365646,0.817906,0.365646,0.761523,0.365646,All
0.704566,0.367347,0.820038,0.367347,0.76183,0.367347,All
0.711216,0.369048,0.823379,0.369048,0.763002,0.369048,All
0.714085,0.370748,0.823809,0.370748,0.765623,0.370748,All
0.719051,0.372449,0.824149,0.372449,0.766076,0.372449,All
0.719219,0.37415,0.825643,0.37415,0.76657,0.37415,All
0.7197,0.37585,0.825743,0.37585,0.771321,0.37585,All
0.720475,0.377551,0.825895,0.377551,0.773479,0.377551,All
0.723136,0.379252,0.826645,0.379252,0.774625,0.379252,All
0.723271,0.380952,0.826968,0.380952,0.776551,0.380952,All
0.731325,0.382653,0.827152,0.382653,0.782109,0.382653,All
0.731473,0.384354,0.827609,0.384354,0.782306,0.384354,All
0.732188,0.386054,0.82779,0.386054,0.786626,0.386054,All
0.732368,0.387755,0.828194,0.387755,0.787751,0.387755,All
0.735279,0.389456,0.828644,0.389456,0.791739,0.389456,All
0.736487,0.391156,0.830186,0.391156,0.793351,0.391156,All
0.736747,0.392857,0.830869,0.392857,0.795218,0.392857,All
0.738658,0.394558,0.831853,0.394558,0.795391,0.394558,All
0.738886,0.396259,0.835759,0.396259,0.796136,0.396259,All
0.739617,0.397959,0.838852,0.397959,0.796675,0.397959,All
0.740137,0.39966,0.83969,0.39966,0.796734,0.39966,All
0.743099,0.401361,0.842115,0.401361,0.797609,0.401361,All
0.744743,0.403061,0.844059,0.403061,0.798671,0.403061,All
0.746058,0.404762,0.844148,0.404762,0.800312,0.404762,All
0.747529,0.406463,0.846481,0.406463,0.800368,0.406463,All
0.748234,0.408163,0.846796,0.408163,0.800861,0.408163,All
0.74861,0.409864,0.847264,0.409864,0.80175,0.409864,All
0.748714,0.411565,0.848262,0.411565,0.802923,0.411565,All
0.749444,0.413265,0.849637,0.413265,0.803222,0.413265,All
0.749963,0.414966,0.849838,0.414966,0.805762,0.414966,All
0.753571,0.416667,0.850633,0.416667,0.807168,0.416667,All
0.754104,0.418367,0.850757,0.418367,0.807881,0.418367,All
0.754644,0.420068,0.851915,0.420068,0.808339,0.420068,All
0.754753,0.421769,0.854504,0.421769,0.808814,0.421769,All
0.755196,0.423469,0.855032,0.423469,0.809708,0.423469,All
0.756207,0.42517,0.855769,0.42517,0.809768,0.42517,All
0.759058,0.426871,0.862492,0.426871,0.810917,0.426871,All
0.759101,0.428571,0.86314,0.428571,0.811116,0.428571,All
0.760508,0.430272,0.863735,0.430272,0.812248,0.430272,All
0.761126,0.431973,0.867576,0.431973,0.814193,0.431973,All
0.761245,0.433673,0.869853,0.433673,0.814718,0.433673,All
0.762094,0.435374,0.870781,0.435374,0.817394,0.435374,All
0.764148,0.437075,0.872586,0.437075,0.81786,0.437075,All
0.767087,0.438776,0.873531,0.438776,0.817875,0.438776,All
0.767496,0.440476,0.873767,0.440476,0.820028,0.440476,All
0.767653,0.442177,0.87513,0.442177,0.821279,0.442177,All
0.768702,0.443878,0.877295,0.443878,0.822211,0.443878,All
0.76883,0.445578,0.877299,0.445578,0.822862,0.445578,All
0.770625,0.447279,0.87732,0.447279,0.827797,0.447279,All
0.774243,0.44898,0.878397,0.44898,0.829113,0.44898,All
0.77729,0.45068,0.881004,0.45068,0.829217,0.45068,All
0.777352,0.452381,0.883292,0.452381,0.831427,0.452381,All
0.778425,0.454082,0.883416,0.454082,0.832123,0.454082,All
0.781308,0.455782,0.883692,0.455782,0.833012,0.455782,All
0.781616,0.457483,0.88386,0.457483,0.833595,0.457483,All
0.78277,0.459184,0.883947,0.459184,0.834686,0.459184,All
0.784021,0.460884,0.884533,0.460884,0.835849,0.460884,All
0.787464,0.462585,0.884809,0.462585,0.84036,0.462585,All
0.78799,0.464286,0.884933,0.464286,0.840693,0.464286,All
0.78801,0.465986,0.886374,0.465986,0.841661,0.465986,All
0.788768,0.467687,0.889942,0.467687,0.841797,0.467687,All
0.788875,0.469388,0.890358,0.469388,0.842625,0.469388,All
0.791444,0.471088,0.890371,0.471088,0.843037,0.471088,All
0.794304,0.472789,0.896656,0.472789,0.844514,0.472789,All
0.795963,0.47449,0.897578,0.47449,0.848043,0.47449,All
0.796736,0.47619,0.898448,0.47619,0.849671,0.47619,All
0.797181,0.477891,0.899701,0.477891,0.849996,0.477891,All
0.798522,0.479592,0.899881,0.479592,0.850116,0.479592,All
0.80002,0.481293,0.899885,0.481293,0.852808,0.481293,All
0.800739,0.482993,0.901871,0.482993,0.854505,0.482993,All
0.805198,0.484694,0.905162,0.484694,0.856038,0.484694,All
0.806263,0.486395,0.905432,0.486395,0.856691,0.486395,All
0.807062,0.488095,0.908963,0.488095,0.857148,0.488095,All
0.807688,0.489796,0.909597,0.489796,0.85746,0.489796,All
0.808808,0.491497,0.909609,0.491497,0.857561,0.491497,All
0.810637,0.493197,0.910791,0.493197,0.857696,0.493197,All
0.81097,0.494898,0.914621,0.494898,0.858031,0.494898,All
0.814904,0.496599,0.915258,0.496599,0.859644,0.496599,All
0.815923,0.498299,0.917097,0.498299,0.861581,0.498299,All
0.816653,0.5,0.91834,0.5,0.862998,0.5,All
0.816891,0.501701,0.919047,0.501701,0.863155,0.501701,All
0.816963,0.503401,0.923766,0.503401,0.865637,0.503401,All
0.817069,0.505102,0.925379,0.505102,0.866145,0.505102,All
0.819451,0.506803,0.926637,0.506803,0.866831,0.506803,All
0.820541,0.508503,0.932575,0.508503,0.867676,0.508503,All
0.825954,0.510204,0.93301,0.510204,0.868685,0.510204,All
0.82761,0.511905,0.934582,0.511905,0.871731,0.511905,All
0.831173,0.513605,0.9405,0.513605,0.872114,0.513605,All
0.833399,0.515306,0.940996,0.515306,0.875713,0.515306,All
0.835654,0.517007,0.942129,0.517007,0.876104,0.517007,All
0.84087,0.518707,0.943392,0.518707,0.877224,0.518707,All
0.840914,0.520408,0.944244,0.520408,0.877468,0.520408,All
0.841709,0.522109,0.946077,0.522109,0.879917,0.522109,All
0.842731,0.52381,0.946389,0.52381,0.881444,0.52381,All
0.842799,0.52551,0.947821,0.52551,0.883392,0.52551,All
0.842965,0.527211,0.948199,0.527211,0.8902,0.527211,All
0.845629,0.528912,0.948601,0.528912,0.892029,0.528912,All
0.846306,0.530612,0.949739,0.530612,0.892404,0.530612,All
0.847315,0.532313,0.950628,0.532313,0.892951,0.532313,All
0.848408,0.534014,0.950691,0.534014,0.895086,0.534014,All
0.84869,0.535714,0.952584,0.535714,0.898294,0.535714,All
0.851531,0.537415,0.953358,0.537415,0.898605,0.537415,All
0.855576,0.539116,0.954836,0.539116,0.899257,0.539116,All
0.857565,0.540816,0.956329,0.540816,0.899786,0.540816,All
0.867946,0.542517,0.956617,0.542517,0.901303,0.542517,All
0.869532,0.544218,0.957629,0.544218,0.905436,0.544218,All
0.87716,0.545918,0.958208,0.545918,0.906968,0.545918,All
0.877866,0.547619,0.958466,0.547619,0.908696,0.547619,All
0.878132,0.54932,0.958568,0.54932,0.913509,0.54932,All
0.87858,0.55102,0.958886,0.55102,0.920975,0.55102,All
0.88272,0.552721,0.959194,0.552721,0.922899,0.552721,All
0.885721,0.554422,0.959343,0.554422,0.923822,0.554422,All
0.888713,0.556122,0.959379,0.556122,0.924064,0.556122,All
0.890806,0.557823,0.959598,0.557823,0.925982,0.557823,All
0.893287,0.559524,0.960025,0.559524,0.927028,0.559524,All
0.893568,0.561224,0.961186,0.561224,0.928893,0.561224,All
0.895576,0.562925,0.962942,0.562925,0.928913,0.562925,All
0.896327,0.564626,0.964362,0.564626,0.92899,0.564626,All
0.896807,0.566327,0.964424,0.566327,0.930477,0.566327,All
0.897256,0.568027,0.965093,0.568027,0.934494,0.568027,All
0.897583,0.569728,0.967372,0.569728,0.934551,0.569728,All
0.898146,0.571429,0.967629,0.571429,0.936066,0.571429,All
0.898924,0.573129,0.96779,0.573129,0.941096,0.573129,All
0.900897,0.57483,0.968664,0.57483,0.945787,0.57483,All
0.901259,0.576531,0.968815,0.576531,0.946802,0.576531,All
0.902417,0.578231,0.969178,0.578231,0.950059,0.578231,All
0.903974,0.579932,0.969532,0.579932,0.950873,0.579932,All
0.905102,0.581633,0.969679,0.581633,0.954433,0.581633,All
0.909353,0.583333,0.969682,0.583333,0.956863,0.583333,All
0.910447,0.585034,0.969774,0.585034,0.956957,0.585034,All
0.910508,0.586735,0.972163,0.586735,0.959702,0.586735,All
0.91548,0.588435,0.973926,0.588435,0.961303,0.588435,All
0.915755,0.590136,0.974714,0.590136,0.961303,0.590136,All
0.920097,0.591837,0.975351,0.591837,0.962008,0.591837,All
0.920182,0.593537,0.975499,0.593537,0.965292,0.593537,All
0.923593,0.595238,0.976274,0.595238,0.965398,0.595238,All
0.924097,0.596939,0.977511,0.596939,0.968379,0.596939,All
0.924548,0.598639,0.977859,0.598639,0.978728,0.598639,All
0.927709,0.60034,0.97841,0.60034,0.980919,0.60034,All
0.927762,0.602041,0.980462,0.602041,0.982553,0.602041,All
0.930515,0.603741,0.980666,0.603741,0.984102,0.603741,All
0.931253,0.605442,0.982207,0.605442,0.989234,0.605442,All
0.931469,0.607143,0.982976,0.607143,0.98964,0.607143,All
0.933167,0.608844,0.986072,0.608844,0.991866,0.608844,All
0.934601,0.610544,0.986454,0.610544,0.993453,0.610544,All
0.938115,0.612245,0.988347,0.612245,0.994842,0.612245,All
0.939418,0.613946,0.989547,0.613946,0.995293,0.613946,All
0.941134,0.615646,0.989839,0.615646,0.999352,0.615646,All
0.942536,0.617347,0.994061,0.617347,0.999355,0.617347,All
0.943934,0.619048,0.99426,0.619048,0.999841,0.619048,All
0.947661,0.620748,0.997108,0.620748,1,0.620748,All
0.95058,0.622449,0.997167,0.622449,1.00524,0.622449,All
0.951629,0.62415,1.00063,0.62415,1.00739,0.62415,All
0.952755,0.62585,1.00648,0.62585,1.00848,0.62585,All
0.955227,0.627551,1.00694,0.627551,1.00889,0.627551,All
0.956721,0.629252,1.00941,0.629252,1.01095,0.629252,All
0.957003,0.630952,1.0109,0.630952,1.01259,0.630952,All
0.963951,0.632653,1.01361,0.632653,1.01504,0.632653,All
0.964996,0.634354,1.01385,0.634354,1.0204,0.634354,All
0.968377,0.636054,1.01504,0.636054,1.02157,0.636054,All
0.969359,0.637755,1.01674,0.637755,1.02412,0.637755,All
0.970079,0.639456,1.01693,0.639456,1.0243,0.639456,All
0.971052,0.641156,1.01751,0.641156,1.02463,0.641156,All
0.972468,0.642857,1.01846,0.642857,1.02649,0.642857,All
0.974516,0.644558,1.01878,0.644558,1.03492,0.644558,All
0.977743,0.646259,1.01957,0.646259,1.03514,0.646259,All
0.982505,0.647959,1.01963,0.647959,1.03701,0.647959,All
0.985326,0.64966,1.02029,0.64966,1.03861,0.64966,All
0.985638,0.651361,1.02049,0.651361,1.04228,0.651361,All
0.986456,0.653061,1.0217,0.653061,1.0435,0.653061,All
0.986516,0.654762,1.02298,0.654762,1.04362,0.654762,All
0.98662,0.656463,1.02344,0.656463,1.04379,0.656463,All
0.992878,0.658163,1.02451,0.658163,1.05096,0.658163,All
0.99325,0.659864,1.02914,0.659864,1.0514,0.659864,All
0.997589,0.661565,1.02977,0.661565,1.05195,0.661565,All
0.997842,0.663265,1.03298,0.663265,1.05567,0.663265,All
1.00272,0.664966,1.03388,0.664966,1.05773,0.664966,All
1.00384,0.666667,1.03583,0.666667,1.05891,0.666667,All
1.00433,0.668367,1.03686,0.668367,1.0623,0.668367,All
1.00545,0.670068,1.03886,0.670068,1.06261,0.670068,All
1.00619,0.671769,1.04034,0.671769,1.06321,0.671769,All
1.00675,0.673469,1.04356,0.673469,1.06462,0.673469,All
1.01104,0.67517,1.04399,0.67517,1.07129,0.67517,All
1.01253,0.676871,1.04405,0.676871,1.07171,0.676871,All
1.01263,0.678571,1.04906,0.678571,1.07189,0.678571,All
1.01752,0.680272,1.05568,0.680272,1.07443,0.680272,All
1.01861,0.681973,1.05603,0.681973,1.07822,0.681973,All
1.02273,0.683673,1.05675,0.683673,1.08099,0.683673,All
1.0251,0.685374,1.06732,0.685374,1.08237,0.685374,All
1.02528,0.687075,1.07099,0.687075,1.0835,0.687075,All
1.02712,0.688776,1.07282,0.688776,1.08669,0.688776,All
1.02756,0.690476,1.0731,0.690476,1.08934,0.690476,All
1.0291,0.692177,1.07466,0.692177,1.09395,0.692177,All
1.03114,0.693878,1.07718,0.693878,1.09874,0.693878,All
1.03131,0.695578,1.07767,0.695578,1.09957,0.695578,All
1.0332,0.697279,1.08093,0.697279,1.10025,0.697279,All
1.04081,0.69898,1.0825,0.69898,1.10211,0.69898,All
1.0415,0.70068,1.08368,0.70068,1.10262,0.70068,All
1.04284,0.702381,1.08586,0.702381,1.10354,0.702381,All
1.04572,0.704082,1.08637,0.704082,1.104,0.704082,All
1.0476,0.705782,1.08668,0.705782,1.10678,0.705782,All
1.04764,0.707483,1.09002,0.707483,1.10801,0.707483,All
1.04782,0.709184,1.09144,0.709184,1.1128,0.709184,All
1.05316,0.710884,1.09444,0.710884,1.11598,0.710884,All
1.05511,0.712585,1.09622,0.712585,1.11856,0.712585,All
1.05573,0.714286,1.09685,0.714286,1.11963,0.714286,All
1.05636,0.715986,1.097,0.715986,1.11999,0.715986,All
1.0582,0.717687,1.09747,0.717687,1.12177,0.717687,All
1.05943,0.719388,1.09878,0.719388,1.12496,0.719388,All
1.06368,0.721088,1.10012,0.721088,1.12692,0.721088,All
1.06573,0.722789,1.10204,0.722789,1.12742,0.722789,All
1.06717,0.72449,1.10238,0.72449,1.13066,0.72449,All
1.07149,0.72619,1.10287,0.72619,1.13074,0.72619,All
1.07202,0.727891,1.10535,0.727891,1.13438,0.727891,All
1.07309,0.729592,1.10684,0.729592,1.13701,0.729592,All
1.08552,0.731293,1.109,0.731293,1.13853,0.731293,All
1.08678,0.732993,1.10913,0.732993,1.14101,0.732993,All
1.08766,0.734694,1.11623,0.734694,1.14194,0.734694,All
1.09137,0.736395,1.11822,0.736395,1.14377,0.736395,All
1.09395,0.738095,1.11882,0.738095,1.14593,0.738095,All
1.1032,0.739796,1.11907,0.739796,1.14612,0.739796,All
1.10451,0.741497,1.12297,0.741497,1.15205,0.741497,All
1.10522,0.743197,1.12528,0.743197,1.15349,0.743197,All
1.10745,0.744898,1.12609,0.744898,1.15575,0.744898,All
1.10961,0.746599,1.12743,0.746599,1.15633,0.746599,All
1.11518,0.748299,1.12772,0.748299,1.1584,0.748299,All
1.11675,0.75,1.12857,0.75,1.16034,0.75,All
1.11696,0.751701,1.129,0.751701,1.16323,0.751701,All
1.11801,0.753401,1.13069,0.753401,1.16327,0.753401,All
1.11862,0.755102,1.13228,0.755102,1.16409,0.755102,All
1.11871,0.756803,1.13688,0.756803,1.16653,0.756803,All
1.12425,0.758503,1.14025,0.758503,1.17235,0.758503,All
1.1276,0.760204,1.14538,0.760204,1.17608,0.760204,All
1.12766,0.761905,1.14591,0.761905,1.17642,0.761905,All
1.12932,0.763605,1.14595,0.763605,1.17676,0.763605,All
1.13432,0.765306,1.14606,0.765306,1.17737,0.765306,All
1.14147,0.767007,1.14647,0.767007,1.17993,0.767007,All
1.14331,0.768707,1.14878,0.768707,1.18578,0.768707,All
1.14693,0.770408,1.14997,0.770408,1.18675,0.770408,All
1.14808,0.772109,1.1507,0.772109,1.18781,0.772109,All
1.1521,0.77381,1.15163,0.77381,1.18886,0.77381,All
1.1585,0.77551,1.15239,0.77551,1.19024,0.77551,All
1.16148,0.777211,1.1539,0.777211,1.19079,0.777211,All
1.16306,0.778912,1.15417,0.778912,1.19128,0.778912,All
1.16352,0.780612,1.1603,0.780612,1.19223,0.780612,All
1.16527,0.782313,1.16109,0.782313,1.19378,0.782313,All
1.16859,0.784014,1.16247,0.784014,1.19959,0.784014,All
1.16995,0.785714,1.16356,0.785714,1.20757,0.785714,All
1.17043,0.787415,1.17201,0.787415,1.21015,0.787415,All
1.17205,0.789116,1.17342,0.789116,1.21283,0.789116,All
1.18226,0.790816,1.17511,0.790816,1.21769,0.790816,All
1.18812,0.792517,1.17559,0.792517,1.21817,0.792517,All
1.19156,0.794218,1.17971,0.794218,1.21826,0.794218,All
1.19569,0.795918,1.1852,0.795918,1.22056,0.795918,All
1.20952,0.797619,1.18572,0.797619,1.22359,0.797619,All
1.21012,0.79932,1.187,0.79932,1.22579,0.79932,All
1.21671,0.80102,1.18999,0.80102,1.23086,0.80102,All
1.21764,0.802721,1.19029,0.802721,1.23102,0.802721,All
1.22245,0.804422,1.19054,0.804422,1.24009,0.804422,All
1.23328,0.806122,1.19524,0.806122,1.24334,0.806122,All
1.23703,0.807823,1.19616,0.807823,1.24442,0.807823,All
1.23826,0.809524,1.19885,0.809524,1.24937,0.809524,All
1.23986,0.811224,1.20302,0.811224,1.25529,0.811224,All
1.24419,0.812925,1.20308,0.812925,1.25629,0.812925,All
1.25242,0.814626,1.20651,0.814626,1.2579,0.814626,All
1.25616,0.816327,1.20859,0.816327,1.26207,0.816327,All
1.25668,0.818027,1.21183,0.818027,1.26305,0.818027,All
1.25714,0.819728,1.21448,0.819728,1.26949,0.819728,All
1.26073,0.821429,1.21477,0.821429,1.27644,0.821429,All
1.26094,0.823129,1.21613,0.823129,1.27712,0.823129,All
1.2614,0.82483,1.22392,0.82483,1.28311,0.82483,All
1.26696,0.826531,1.22565,0.826531,1.28458,0.826531,All
1.27267,0.828231,1.22793,0.828231,1.28543,0.828231,All
1.28785,0.829932,1.23219,0.829932,1.28828,0.829932,All
1.29215,0.831633,1.23887,0.831633,1.29991,0.831633,All
1.29264,0.833333,1.24518,0.833333,1.31603,0.833333,All
1.29778,0.835034,1.24651,0.835034,1.31684,0.835034,All
1.29856,0.836735,1.24666,0.836735,1.33005,0.836735,All
1.31689,0.838435,1.25356,0.838435,1.33892,0.838435,All
1.32296,0.840136,1.25496,0.840136,1.34722,0.840136,All
1.32879,0.841837,1.255,0.841837,1.34731,0.841837,All
1.33251,0.843537,1.25676,0.843537,1.34887,0.843537,All
1.3344,0.845238,1.25788,0.845238,1.349,0.845238,All
1.3381,0.846939,1.25793,0.846939,1.35199,0.846939,All
1.33974,0.848639,1.26575,0.848639,1.36314,0.848639,All
1.34368,0.85034,1.26733,0.85034,1.36357,0.85034,All
1.35494,0.852041,1.27152,0.852041,1.36741,0.852041,All
1.36575,0.853741,1.2721,0.853741,1.37815,0.853741,All
1.36678,0.855442,1.27384,0.855442,1.37867,0.855442,All
1.37026,0.857143,1.27488,0.857143,1.38082,0.857143,All
1.37132,0.858844,1.27559,0.858844,1.38269,0.858844,All
1.37395,0.860544,1.28105,0.860544,1.39046,0.860544,All
1.37703,0.862245,1.28361,0.862245,1.3923,0.862245,All
1.37927,0.863946,1.28902,0.863946,1.39315,0.863946,All
1.38041,0.865646,1.29249,0.865646,1.39584,0.865646,All
1.38272,0.867347,1.29459,0.867347,1.39606,0.867347,All
1.38486,0.869048,1.29728,0.869048,1.40136,0.869048,All
1.38497,0.870748,1.2973,0.870748,1.40254,0.870748,All
1.40408,0.872449,1.29997,0.872449,1.40733,0.872449,All
1.40493,0.87415,1.30601,0.87415,1.412,0.87415,All
1.40789,0.87585,1.31436,0.87585,1.41704,0.87585,All
1.40912,0.877551,1.31482,0.877551,1.41936,0.877551,All
1.41292,0.879252,1.31657,0.879252,1.43105,0.879252,All
1.41658,0.880952,1.31677,0.880952,1.44904,0.880952,All
1.42165,0.882653,1.32119,0.882653,1.45665,0.882653,All
1.42546,0.884354,1.32248,0.884354,1.45811,0.884354,All
1.4282,0.886054,1.32821,0.886054,1.45967,0.886054,All
1.43255,0.887755,1.33135,0.887755,1.46981,0.887755,All
1.4333,0.889456,1.33187,0.889456,1.47291,0.889456,All
1.43441,0.891156,1.3398,0.891156,1.47471,0.891156,All
1.43859,0.892857,1.34626,0.892857,1.47893,0.892857,All
1.44452,0.894558,1.34802,0.894558,1.48116,0.894558,All
1.44535,0.896259,1.3484,0.896259,1.48582,0.896259,All
1.44743,0.897959,1.35499,0.897959,1.48927,0.897959,All
1.44792,0.89966,1.36521,0.89966,1.49119,0.89966,All
1.47485,0.901361,1.37283,0.901361,1.49763,0.901361,All
1.48451,0.903061,1.37653,0.903061,1.50519,0.903061,All
1.48776,0.904762,1.38668,0.904762,1.50601,0.904762,All
1.4916,0.906463,1.38931,0.906463,1.50643,0.906463,All
1.504,0.908163,1.39525,0.908163,1.51165,0.908163,All
1.50706,0.909864,1.40614,0.909864,1.51632,0.909864,All
1.5142,0.911565,1.4072,0.911565,1.51914,0.911565,All
1.53308,0.913265,1.40737,0.913265,1.52035,0.913265,All
1.53637,0.914966,1.40747,0.914966,1.53934,0.914966,All
1.55046,0.916667,1.40859,0.916667,1.53974,0.916667,All
1.5605,0.918367,1.40942,0.918367,1.54583,0.918367,All
1.56079,0.920068,1.41456,0.920068,1.54625,0.920068,All
1.56418,0.921769,1.41898,0.921769,1.55239,0.921769,All
1.56578,0.923469,1.42042,0.923469,1.56208,0.923469,All
1.5659,0.92517,1.4207,0.92517,1.5641,0.92517,All
1.58611,0.926871,1.42203,0.926871,1.57488,0.926871,All
1.5944,0.928571,1.44727,0.928571,1.6196,0.928571,All
1.60416,0.930272,1.44917,0.930272,1.61964,0.930272,All
1.60462,0.931973,1.45369,0.931973,1.62811,0.931973,All
1.62054,0.933673,1.45383,0.933673,1.63551,0.933673,All
1.62164,0.935374,1.45711,0.935374,1.64956,0.935374,All
1.6373,0.937075,1.46085,0.937075,1.66008,0.937075,All
1.64195,0.938776,1.46106,0.938776,1.66443,0.938776,All
1.64503,0.940476,1.46321,0.940476,1.66691,0.940476,All
1.65005,0.942177,1.46661,0.942177,1.66936,0.942177,All
1.65079,0.943878,1.47772,0.943878,1.69338,0.943878,All
1.65624,0.945578,1.48042,0.945578,1.69744,0.945578,All
1.6573,0.947279,1.48198,0.947279,1.69775,0.947279,All
1.65863,0.94898,1.48422,0.94898,1.70142,0.94898,All
1.65871,0.95068,1.48741,0.95068,1.70376,0.95068,All
1.65958,0.952381,1.51322,0.952381,1.70643,0.952381,All
1.68977,0.954082,1.51785,0.954082,1.71289,0.954082,All
1.6916,0.955782,1.52856,0.955782,1.71372,0.955782,All
1.71943,0.957483,1.5318,0.957483,1.71989,0.957483,All
1.73645,0.959184,1.53207,0.959184,1.73053,0.959184,All
1.7376,0.960884,1.53638,0.960884,1.73437,0.960884,All
1.74462,0.962585,1.53944,0.962585,1.74567,0.962585,All
1.77689,0.964286,1.54854,0.964286,1.74756,0.964286,All
1.78449,0.965986,1.55035,0.965986,1.74984,0.965986,All
1.79449,0.967687,1.57138,0.967687,1.75746,0.967687,All
1.84937,0.969388,1.57298,0.969388,1.76121,0.969388,All
1.89486,0.971088,1.57478,0.971088,1.76258,0.971088,All
1.90317,0.972789,1.58415,0.972789,1.81497,0.972789,All
1.91247,0.97449,1.59348,0.97449,1.81589,0.97449,All
1.91582,0.97619,1.60085,0.97619,1.82183,0.97619,All
1.92335,0.977891,1.60368,0.977891,1.85105,0.977891,All
1.93683,0.979592,1.63176,0.979592,1.87629,0.979592,All
1.9477,0.981293,1.65193,0.981293,1.92585,0.981293,All
1.9492,0.982993,1.65266,0.982993,1.94509,0.982993,All
2.04014,0.984694,1.67555,0.984694,1.98125,0.984694,All
2.0523,0.986395,1.68636,0.986395,2.02663,0.986395,All
2.06917,0.988095,1.69912,0.988095,2.06234,0.988095,All
2.12365,0.989796,1.70697,0.989796,2.08968,0.989796,All
2.2915,0.991497,1.72314,0.991497,2.17074,0.991497,All
2.30831,0.993197,1.74642,0.993197,2.17462,0.993197,All
2.3201,0.994898,1.78391,0.994898,2.22984,0.994898,All
2.64813,0.996599,1.93078,0.996599,2.53503,0.996599,All
2.69133,0.998299,1.96945,0.998299,2.65586,0.998299,All
2.89937,1,2.02979,1,2.75049,1,All
4,1,4,1,4,1,All
