ID,time,prediction_pwRes,pwRes,pwRes_simBlq,prediction_iwRes_mean,iwRes_mean,iwRes_mean_simBlq,prediction_iwRes_mode,iwRes_mode,iwRes_mode_simBlq,prediction_npde,npde,npde_simBlq,censored,split,color,filter
1,22,13.4131,1.16859,1.16859,13.5211,1.18185,1.18185,13.1626,1.21477,1.21477,13.4131,1.16323,1.16323,0,All,#4682B4,0
1,24,16.9879,0.939418,0.939418,17.1373,0.992652,0.992652,16.6422,1.02298,1.02298,16.9879,1.00739,1.00739,0,All,#4682B4,0
1,27,24.2023,0.833399,0.833399,24.4418,0.901451,0.901451,23.6489,0.932575,0.932575,24.2023,0.881444,0.881444,0,All,#4682B4,0
1,28,27.233,0.796736,0.796736,27.5126,0.915049,0.915049,26.5875,0.947821,0.947821,27.233,0.835849,0.835849,0,All,#4682B4,0
1,32,43.656,0.567451,0.567451,44.1686,0.646374,0.646374,42.4755,0.673209,0.673209,43.656,0.608972,0.608972,0,All,#4682B4,0
2,22,13.4131,1.06717,1.06717,16.0718,0.869158,0.869158,15.3582,0.910791,0.910791,13.4131,1.0514,1.0514,0,All,#4682B4,0
2,24,16.9879,1.29264,1.29264,20.6927,1.28156,1.28156,19.6924,1.34802,1.34802,16.9879,1.3923,1.3923,0,All,#4682B4,0
2,27,24.2023,1.40408,1.40408,30.2164,1.21015,1.21015,28.5782,1.28105,1.28105,24.2023,1.38269,1.38269,0,All,#4682B4,0
2,28,27.233,1.40493,1.40493,34.2811,1.3394,1.3394,32.3557,1.4207,1.4207,27.233,1.48582,1.48582,0,All,#4682B4,0
2,32,43.656,0.986516,0.986516,56.7913,0.825642,0.825642,53.1609,0.88386,0.88386,43.656,1.16409,1.16409,0,All,#4682B4,0
3,22,13.4131,0.98662,0.98662,13.481,1.02061,1.02061,13.4827,1.02049,1.02049,13.4131,1.02463,1.02463,0,All,#4682B4,0
3,24,16.9879,0.986456,0.986456,17.0818,1.01518,1.01518,17.0841,1.01504,1.01504,16.9879,1.07189,1.07189,0,All,#4682B4,0
3,27,24.2023,1.26094,1.26094,24.3529,1.28922,1.28922,24.3565,1.28902,1.28902,24.2023,1.28458,1.28458,0,All,#4682B4,0
3,28,27.233,0.831173,0.831173,27.4088,0.967945,0.967945,27.4131,0.96779,0.96779,27.233,0.905436,0.905436,0,All,#4682B4,0
3,32,43.656,0.614161,0.614161,43.9781,0.642933,0.642933,43.986,0.642813,0.642813,43.656,0.689495,0.689495,0,All,#4682B4,0
4,22,13.4131,0.915755,0.915755,13.1512,0.979283,0.979283,13.1331,0.980666,0.980666,13.4131,0.946802,0.946802,0,All,#4682B4,0
4,24,16.9879,1.01752,1.01752,16.6264,1.04744,1.04744,16.6015,1.04906,1.04906,16.9879,1.03514,1.03514,0,All,#4682B4,0
4,27,24.2023,0.82761,0.82761,23.6237,0.956806,0.956806,23.5839,0.958466,0.958466,24.2023,0.924064,0.924064,0,All,#4682B4,0
4,28,27.233,0.88272,0.88272,26.5581,1.06541,1.06541,26.5117,1.06732,1.06732,27.233,0.883392,0.883392,0,All,#4682B4,0
4,32,43.656,0.732188,0.732188,42.4218,0.691575,0.691575,42.3371,0.693012,0.693012,43.656,0.84036,0.84036,0,All,#4682B4,0
5,22,13.4131,0.923593,0.923593,12.9496,0.987994,0.987994,12.5502,1.02029,1.02029,13.4131,0.98964,0.98964,0,All,#4682B4,0
5,24,16.9879,0.835654,0.835654,16.3486,0.955392,0.955392,15.7992,0.989547,0.989547,16.9879,0.868685,0.868685,0,All,#4682B4,0
5,27,24.2023,0.746058,0.746058,23.1801,0.85536,0.85536,22.3058,0.889942,0.889942,24.2023,0.822862,0.822862,0,All,#4682B4,0
5,28,27.233,0.711216,0.711216,26.0412,0.815566,0.815566,25.0232,0.849838,0.849838,27.233,0.740415,0.740415,0,All,#4682B4,0
5,32,43.656,0.413769,0.413769,41.4794,0.521612,0.521612,39.6316,0.547185,0.547185,43.656,0.46215,0.46215,0,All,#4682B4,0
6,22,13.4131,0.867946,0.867946,12.8416,0.952627,0.952627,12.7895,0.956617,0.956617,13.4131,0.898605,0.898605,0,All,#4682B4,0
6,24,16.9879,0.910447,0.910447,16.1999,0.964408,0.964408,16.1282,0.968815,0.968815,16.9879,0.930477,0.930477,0,All,#4682B4,0
6,27,24.2023,0.714085,0.714085,22.9431,0.831465,0.831465,22.8289,0.835759,0.835759,24.2023,0.766076,0.766076,0,All,#4682B4,0
6,28,27.233,0.820541,0.820541,25.7651,0.941055,0.941055,25.6321,0.946077,0.946077,27.233,0.871731,0.871731,0,All,#4682B4,0
6,32,43.656,0.702098,0.702098,40.9772,0.791232,0.791232,40.7356,0.796084,0.796084,43.656,0.751572,0.751572,0,All,#4682B4,0
7,22,13.4131,0.920097,0.920097,13.2395,0.906775,0.906775,12.6719,0.948601,0.948601,13.4131,0.954433,0.954433,0,All,#4682B4,0
7,24,16.9879,0.878132,0.878132,16.7483,1.04934,1.04934,15.9664,1.10204,1.10204,16.9879,0.922899,0.922899,0,All,#4682B4,0
7,27,24.2023,0.770625,0.770625,23.8186,0.830997,0.830997,22.5714,0.878397,0.878397,24.2023,0.867676,0.867676,0,All,#4682B4,0
7,28,27.233,0.720475,0.720475,26.7854,0.791888,0.791888,25.3324,0.838852,0.838852,27.233,0.749912,0.749912,0,All,#4682B4,0
7,32,43.656,0.50321,0.50321,42.837,0.593642,0.593642,40.1916,0.634482,0.634482,43.656,0.617786,0.617786,0,All,#4682B4,0
8,22,13.4131,0.807688,0.807688,11.2771,0.995245,0.995245,11.5681,0.969532,0.969532,13.4131,0.848043,0.848043,0,All,#4682B4,0
8,24,16.9879,0.847315,0.847315,14.0591,1.0873,1.0873,14.4554,1.05675,1.05675,16.9879,0.984102,0.984102,0,All,#4682B4,0
8,27,24.2023,0.610929,0.610929,19.5617,0.858113,0.858113,20.1831,0.830869,0.830869,24.2023,0.676381,0.676381,0,All,#4682B4,0
8,28,27.233,0.621049,0.621049,21.8384,0.851402,0.851402,22.5581,0.823379,0.823379,27.233,0.694259,0.694259,0,All,#4682B4,0
8,32,43.656,0.440799,0.440799,33.9215,0.644859,0.644859,35.2022,0.620421,0.620421,43.656,0.456782,0.456782,0,All,#4682B4,0
8,34,55.2734,0.455649,0.455649,42.2765,0.633687,0.633687,43.9744,0.608184,0.608184,55.2734,0.54506,0.54506,0,All,#4682B4,0
8,36,69.9834,0.398227,0.398227,52.691,0.629921,0.629921,54.9342,0.603101,0.603101,69.9834,0.466595,0.466595,0,All,#4682B4,0
9,22,13.4131,0.781308,0.781308,11.7509,0.951178,0.951178,11.504,0.972163,0.972163,13.4131,0.814193,0.814193,0,All,#4682B4,0
9,24,16.9879,0.840914,0.840914,14.7047,1.10101,1.10101,14.368,1.12743,1.12743,16.9879,0.803222,0.803222,0,All,#4682B4,0
9,27,24.2023,0.56627,0.56627,20.5751,0.740829,0.740829,20.046,0.761092,0.761092,24.2023,0.665356,0.665356,0,All,#4682B4,0
9,28,27.233,0.673035,0.673035,23.0127,0.808963,0.808963,22.3992,0.831853,0.831853,27.233,0.776551,0.776551,0,All,#4682B4,0
9,32,43.656,0.460958,0.460958,36.014,0.660772,0.660772,34.9189,0.682335,0.682335,43.656,0.515221,0.515221,0,All,#4682B4,0
9,34,55.2734,0.346498,0.346498,45.0526,0.518556,0.518556,43.5985,0.536746,0.536746,55.2734,0.478503,0.478503,0,All,#4682B4,0
9,36,69.9834,0.372189,0.372189,56.3614,0.484098,0.484098,54.4372,0.502159,0.502159,69.9834,0.461966,0.461966,0,All,#4682B4,0
10,22,13.4131,0.648168,0.648168,12.0947,0.834295,0.834295,11.7027,0.86314,0.86314,13.4131,0.737318,0.737318,0,All,#4682B4,0
10,24,16.9879,0.970079,0.970079,15.1748,1.09136,1.09136,14.639,1.13228,1.13228,16.9879,1.02157,1.02157,0,All,#4682B4,0
10,27,24.2023,0.617746,0.617746,21.3165,0.814903,0.814903,20.4717,0.849637,0.849637,24.2023,0.671758,0.671758,0,All,#4682B4,0
10,28,27.233,0.690248,0.690248,23.8732,0.783215,0.783215,22.8928,0.817906,0.817906,27.233,0.711916,0.711916,0,All,#4682B4,0
10,32,43.656,0.58837,0.58837,37.557,0.715608,0.715608,35.7997,0.752055,0.752055,43.656,0.687761,0.687761,0,All,#4682B4,0
10,34,55.2734,0.496116,0.496116,47.1063,0.621472,0.621472,44.7678,0.655338,0.655338,55.2734,0.529513,0.529513,0,All,#4682B4,0
10,36,69.9834,0.323985,0.323985,59.0853,0.529789,0.529789,55.9843,0.560622,0.560622,69.9834,0.408166,0.408166,0,All,#4682B4,0
11,22,13.4131,0.693591,0.693591,11.3808,0.872241,0.872241,11.2224,0.884933,0.884933,13.4131,0.718047,0.718047,0,All,#4682B4,0
11,24,16.9879,0.732368,0.732368,14.2003,0.971075,0.971075,13.9848,0.986454,0.986454,16.9879,0.842625,0.842625,0,All,#4682B4,0
11,27,24.2023,0.565366,0.565366,19.7829,0.692956,0.692956,19.4454,0.705446,0.705446,24.2023,0.611097,0.611097,0,All,#4682B4,0
11,28,27.233,0.553662,0.553662,22.0944,0.769413,0.769413,21.7037,0.783747,0.783747,27.233,0.580487,0.580487,0,All,#4682B4,0
11,32,43.656,0.436686,0.436686,34.3764,0.653848,0.653848,33.6826,0.66787,0.66787,43.656,0.514355,0.514355,0,All,#4682B4,0
11,34,55.2734,0.353812,0.353812,42.8792,0.604052,0.604052,41.9603,0.617868,0.617868,55.2734,0.357675,0.357675,0,All,#4682B4,0
11,36,69.9834,0.269335,0.269335,53.4866,0.450451,0.450451,52.2737,0.461526,0.461526,69.9834,0.324929,0.324929,0,All,#4682B4,0
12,22,13.4131,0.684228,0.684228,11.9286,0.760092,0.760092,11.7123,0.774625,0.774625,13.4131,0.652094,0.652094,0,All,#4682B4,0
12,24,16.9879,0.895576,0.895576,14.9475,1.12671,1.12671,14.6521,1.14997,1.14997,16.9879,0.999352,0.999352,0,All,#4682B4,0
12,27,24.2023,0.673528,0.673528,20.9577,0.853536,0.853536,20.4923,0.873531,0.873531,24.2023,0.752652,0.752652,0,All,#4682B4,0
12,28,27.233,0.550341,0.550341,23.4567,0.791875,0.791875,22.9167,0.811167,0.811167,27.233,0.578927,0.578927,0,All,#4682B4,0
12,32,43.656,0.417703,0.417703,36.8091,0.66093,0.66093,35.8423,0.679482,0.679482,43.656,0.526559,0.526559,0,All,#4682B4,0
12,34,55.2734,0.561392,0.561392,46.1101,0.7066,0.7066,44.8244,0.727637,0.727637,55.2734,0.665704,0.665704,0,All,#4682B4,0
12,36,69.9834,0.344309,0.344309,57.7632,0.584388,0.584388,56.0593,0.602967,0.602967,69.9834,0.309607,0.309607,0,All,#4682B4,0
13,22,13.4131,0.57302,0.57302,11.9596,0.751249,0.751249,11.755,0.764794,0.764794,13.4131,0.596076,0.596076,0,All,#4682B4,0
13,24,16.9879,0.924548,0.924548,14.9899,1.15269,1.15269,14.7103,1.17511,1.17511,16.9879,0.982553,0.982553,0,All,#4682B4,0
13,27,24.2023,0.665928,0.665928,21.0245,0.789535,0.789535,20.5839,0.80701,0.80701,24.2023,0.713998,0.713998,0,All,#4682B4,0
13,28,27.233,0.668134,0.668134,23.5342,0.857656,0.857656,23.0229,0.877299,0.877299,27.233,0.710645,0.710645,0,All,#4682B4,0
13,32,43.656,0.609499,0.609499,36.9481,0.804608,0.804608,36.0323,0.825743,0.825743,43.656,0.676107,0.676107,0,All,#4682B4,0
13,34,55.2734,0.364266,0.364266,46.2952,0.539235,0.539235,45.0769,0.554535,0.554535,55.2734,0.448775,0.448775,0,All,#4682B4,0
13,36,69.9834,0.443223,0.443223,58.0088,0.614073,0.614073,56.3936,0.632429,0.632429,69.9834,0.488927,0.488927,0,All,#4682B4,0
14,22,13.4131,0.542804,0.542804,11.651,0.689305,0.689305,11.7137,0.68547,0.68547,13.4131,0.58074,0.58074,0,All,#4682B4,0
14,24,16.9879,1.02528,1.02528,14.5684,1.19744,1.19744,14.6539,1.19029,1.19029,16.9879,1.06462,1.06462,0,All,#4682B4,0
14,27,24.2023,0.655471,0.655471,20.3606,0.743576,0.743576,20.4952,0.738517,0.738517,24.2023,0.709664,0.709664,0,All,#4682B4,0
14,28,27.233,0.683123,0.683123,22.764,0.876001,0.876001,22.9201,0.869853,0.869853,27.233,0.761523,0.761523,0,All,#4682B4,0
14,32,43.656,0.581628,0.581628,35.5695,0.802658,0.802658,35.8483,0.796205,0.796205,43.656,0.711458,0.711458,0,All,#4682B4,0
14,34,55.2734,0.564587,0.564587,44.4621,0.705336,0.705336,44.8325,0.699286,0.699286,55.2734,0.640261,0.640261,0,All,#4682B4,0
14,36,69.9834,0.449195,0.449195,55.5795,0.600465,0.600465,56.0699,0.594978,0.594978,69.9834,0.539732,0.539732,0,All,#4682B4,0
15,22,13.4131,0.559674,0.559674,12.1971,0.6551,0.6551,12.0317,0.664478,0.664478,13.4131,0.644608,0.644608,0,All,#4682B4,0
15,24,16.9879,1.05636,1.05636,15.315,1.24819,1.24819,15.0885,1.26733,1.26733,16.9879,1.18578,1.18578,0,All,#4682B4,0
15,27,24.2023,0.672098,0.672098,21.5382,0.810004,0.810004,21.1802,0.824149,0.824149,24.2023,0.704779,0.704779,0,All,#4682B4,0
15,28,27.233,0.748234,0.748234,24.1307,0.942349,0.942349,23.7149,0.959343,0.959343,27.233,0.852808,0.852808,0,All,#4682B4,0
15,32,43.656,0.57779,0.57779,38.0204,0.758709,0.758709,37.2726,0.774471,0.774471,43.656,0.67883,0.67883,0,All,#4682B4,0
15,34,55.2734,0.564873,0.564873,47.724,0.743579,0.743579,46.7273,0.760013,0.760013,55.2734,0.613906,0.613906,0,All,#4682B4,0
15,36,69.9834,0.429624,0.429624,59.9059,0.586909,0.586909,58.5821,0.60078,0.60078,69.9834,0.492568,0.492568,0,All,#4682B4,0
16,7,2.28534,1.11801,1.11801,2.50174,1.00652,1.00652,2.50073,1.00694,1.00694,2.28534,1.15349,1.15349,0,All,#4682B4,0
16,10,3.25687,1.40912,1.40912,3.70623,1.31359,1.31359,3.70409,1.31436,1.31436,3.25687,1.37867,1.37867,0,All,#4682B4,0
16,11,3.6647,1.2614,1.2614,4.22458,1.12699,1.12699,4.2219,1.12772,1.12772,3.6647,1.2579,1.2579,0,All,#4682B4,0
16,13,4.64001,1.92335,1.92335,5.4889,1.63052,1.63052,5.48478,1.63176,1.63176,4.64001,1.81589,1.81589,0,All,#4682B4,0
16,15,5.87482,1.6573,1.6573,7.13154,1.37531,1.37531,7.12538,1.37653,1.37653,5.87482,1.69338,1.69338,0,All,#4682B4,0
16,17,7.43818,2.04014,2.04014,9.26576,1.65101,1.65101,9.25668,1.65266,1.65266,7.43818,1.85105,1.85105,0,All,#4682B4,0
16,19,9.41758,2.12365,2.12365,12.039,1.68448,1.68448,12.0258,1.68636,1.68636,9.41758,2.08968,2.08968,0,All,#4682B4,0
16,21,11.9239,1.56578,1.56578,15.642,1.24497,1.24497,15.6231,1.24651,1.24651,11.9239,1.54625,1.54625,0,All,#4682B4,0
16,24,16.9877,1.14693,1.14693,23.1659,0.945043,0.945043,23.1338,0.946389,0.946389,16.9877,1.24334,1.24334,0,All,#4682B4,0
16,27,24.2018,1.00675,1.00675,34.3084,0.771559,0.771559,34.255,0.772803,0.772803,24.2018,1.09957,1.09957,0,All,#4682B4,0
17,7,2.28534,0.379191,0.379191,2.4261,0.371703,0.371703,2.44692,0.368312,0.368312,2.28534,0.396246,0.396246,0,All,#4682B4,0
17,10,3.25687,1.10745,1.10745,3.5472,0.995377,0.995377,3.59076,0.982976,0.982976,3.25687,1.08099,1.08099,0,All,#4682B4,0
17,11,3.6647,1.37927,1.37927,4.02561,1.33942,1.33942,4.08002,1.32119,1.32119,3.6647,1.50519,1.50519,0,All,#4682B4,0
17,13,4.64001,1.11871,1.11871,5.18474,1.11545,1.11545,5.26765,1.09747,1.09747,4.64001,1.15575,1.15575,0,All,#4682B4,0
17,15,5.87482,1.41292,1.41292,6.67753,1.29893,1.29893,6.8009,1.27488,1.27488,5.87482,1.36314,1.36314,0,All,#4682B4,0
17,17,7.43818,1.36575,1.36575,8.60014,1.18519,1.18519,8.78043,1.1603,1.1603,7.43818,1.349,1.349,0,All,#4682B4,0
17,19,9.41758,1.74462,1.74462,11.0765,1.54935,1.54935,11.3364,1.51322,1.51322,9.41758,1.73437,1.73437,0,All,#4682B4,0
17,21,11.9239,1.43441,1.43441,14.2657,1.29129,1.29129,14.6361,1.25793,1.25793,11.9239,1.45811,1.45811,0,All,#4682B4,0
17,24,16.9877,1.6373,1.6373,20.8514,1.29607,1.29607,21.4713,1.25788,1.25788,16.9877,1.6196,1.6196,0,All,#4682B4,0
17,27,24.2018,1.38486,1.38486,30.4773,1.26762,1.26762,31.4985,1.22565,1.22565,24.2018,1.34722,1.34722,0,All,#4682B4,0
18,7,2.28534,1.31689,1.31689,2.75058,1.15267,1.15267,2.73109,1.16109,1.16109,2.28534,1.23086,1.23086,0,All,#4682B4,0
18,10,3.25687,1.38272,1.38272,4.24388,1.13971,1.13971,4.20098,1.15163,1.15163,3.25687,1.35199,1.35199,0,All,#4682B4,0
18,11,3.6647,1.48776,1.48776,4.90345,1.14078,1.14078,4.84895,1.1539,1.1539,3.6647,1.52035,1.52035,0,All,#4682B4,0
18,13,4.64001,2.69133,2.69133,6.54594,1.94325,1.94325,6.46004,1.96945,1.96945,4.64001,2.65586,2.65586,0,All,#4682B4,0
18,15,5.87482,2.3201,2.3201,8.73848,1.57902,1.57902,8.6063,1.60368,1.60368,5.87482,2.22984,2.22984,0,All,#4682B4,0
18,17,7.43818,2.30831,2.30831,11.6655,1.62318,1.62318,11.4657,1.65193,1.65193,7.43818,1.98125,1.98125,0,All,#4682B4,0
18,19,9.41758,2.89937,2.89937,15.573,1.99046,1.99046,15.2752,2.02979,2.02979,9.41758,2.75049,2.75049,0,All,#4682B4,0
18,21,11.9239,2.2915,2.2915,20.7895,1.44859,1.44859,20.3506,1.48042,1.48042,11.9239,2.17074,2.17074,0,All,#4682B4,0
18,24,16.9877,1.9492,1.9492,32.0663,1.09146,1.09146,31.2937,1.11907,1.11907,16.9877,1.92585,1.92585,0,All,#4682B4,0
18,27,24.2018,1.7376,1.7376,49.4605,0.958657,0.958657,48.1219,0.986072,0.986072,24.2018,1.70142,1.70142,0,All,#4682B4,0
19,7,2.28534,0.920182,0.920182,2.53094,0.875211,0.875211,2.52503,0.87732,0.87732,2.28534,0.872114,0.872114,0,All,#4682B4,0
19,10,3.25687,2.0523,2.0523,3.76817,1.71731,1.71731,3.75562,1.72314,1.72314,3.25687,2.06234,2.06234,0,All,#4682B4,0
19,11,3.6647,1.5944,1.5944,4.30231,1.36011,1.36011,4.28655,1.36521,1.36521,3.6647,1.62811,1.62811,0,All,#4682B4,0
19,13,4.64001,1.5605,1.5605,5.60845,1.31076,1.31076,5.58418,1.31657,1.31657,4.64001,1.53934,1.53934,0,All,#4682B4,0
19,15,5.87482,1.55046,1.55046,7.31107,1.20036,1.20036,7.27458,1.20651,1.20651,5.87482,1.63551,1.63551,0,All,#4682B4,0
19,17,7.43818,1.62164,1.62164,9.53054,1.28503,1.28503,9.47665,1.29249,1.29249,7.43818,1.70376,1.70376,0,All,#4682B4,0
19,19,9.41758,1.93683,1.93683,12.4242,1.50809,1.50809,12.3457,1.51785,1.51785,9.41758,1.94509,1.94509,0,All,#4682B4,0
19,21,11.9239,1.56418,1.56418,16.1961,1.1672,1.1672,16.0831,1.17559,1.17559,11.9239,1.41704,1.41704,0,All,#4682B4,0
19,24,16.9877,1.91247,1.91247,24.106,1.38391,1.38391,23.9138,1.39525,1.39525,16.9877,1.82183,1.82183,0,All,#4682B4,0
19,27,24.2018,1.37132,1.37132,35.8783,1.11575,1.11575,35.5567,1.12609,1.12609,24.2018,1.48116,1.48116,0,All,#4682B4,0
20,7,2.28534,0.691954,0.691954,2.61781,0.668387,0.668387,2.57477,0.680008,0.680008,2.28534,0.684223,0.684223,0,All,#4682B4,0
20,10,3.25687,1.18226,1.18226,3.95429,0.951273,0.951273,3.86174,0.974714,0.974714,3.25687,1.19024,1.19024,0,All,#4682B4,0
20,11,3.6647,1.65958,1.65958,4.53665,1.44318,1.44318,4.41998,1.48198,1.48198,3.6647,1.54583,1.54583,0,All,#4682B4,0
20,13,4.64001,1.78449,1.78449,5.97122,1.48454,1.48454,5.79017,1.5318,1.5318,4.64001,1.81497,1.81497,0,All,#4682B4,0
20,15,5.87482,2.06917,2.06917,7.85939,1.48182,1.48182,7.58507,1.53638,1.53638,5.87482,2.17462,2.17462,0,All,#4682B4,0
20,17,7.43818,1.90317,1.90317,10.3446,1.35768,1.35768,9.93635,1.41456,1.41456,7.43818,1.75746,1.75746,0,All,#4682B4,0
20,19,9.41758,2.64813,2.64813,13.6159,1.84464,1.84464,13.0168,1.93078,1.93078,9.41758,2.53503,2.53503,0,All,#4682B4,0
20,21,11.9239,1.71943,1.71943,17.9219,1.2124,1.2124,17.0523,1.27559,1.27559,11.9239,1.66936,1.66936,0,All,#4682B4,0
20,24,16.9877,1.23328,1.23328,27.0627,0.864943,0.864943,25.5675,0.917097,0.917097,16.9877,1.26207,1.26207,0,All,#4682B4,0
20,27,24.2018,1.84937,1.84937,40.8662,1.1351,1.1351,38.3347,1.21183,1.21183,24.2018,1.74984,1.74984,0,All,#4682B4,0
21,22,13.4131,0.885721,0.885721,12.5073,0.96355,0.96355,12.4431,0.968664,0.968664,13.4131,0.950059,0.950059,0,All,#4682B4,0
21,24,16.9879,0.664527,0.664527,15.7404,0.849565,0.849565,15.6522,0.854504,0.854504,16.9879,0.697712,0.697712,0,All,#4682B4,0
21,26,21.5087,0.930515,0.930515,19.8031,0.952229,0.952229,19.6829,0.958208,0.958208,21.5087,0.941096,0.941096,0,All,#4682B4,0
21,28,27.233,0.606615,0.606615,24.9145,0.786415,0.786415,24.7517,0.791765,0.791765,27.233,0.695021,0.695021,0,All,#4682B4,0
21,30,34.4804,0.580967,0.580967,31.3452,0.893216,0.893216,31.1258,0.899701,0.899701,34.4804,0.656556,0.656556,0,All,#4682B4,0
21,32,43.656,0.699629,0.699629,39.4349,0.792447,0.792447,39.1406,0.798609,0.798609,43.656,0.80175,0.80175,0,All,#4682B4,0
21,34,55.2734,0.676371,0.676371,49.6127,0.80202,0.80202,49.2193,0.808645,0.808645,55.2734,0.752074,0.752074,0,All,#4682B4,0
21,36,69.9834,0.747529,0.747529,62.4189,0.985493,0.985493,61.895,0.994061,0.994061,69.9834,0.961303,0.961303,0,All,#4682B4,0
21,38,88.6094,0.788875,0.788875,78.5299,1.07267,1.07267,77.8343,1.0825,1.0825,88.6094,0.863155,0.863155,0,All,#4682B4,0
22,22,13.4131,0.816963,0.816963,13.1282,0.882287,0.882287,12.7451,0.909609,0.909609,13.4131,0.76657,0.76657,0,All,#4682B4,0
22,24,16.9879,0.845629,0.845629,16.5947,0.895111,0.895111,16.0672,0.925379,0.925379,16.9879,0.875713,0.875713,0,All,#4682B4,0
22,26,21.5087,1.11696,1.11696,20.9699,1.24915,1.24915,20.2488,1.29459,1.29459,21.5087,1.21283,1.21283,0,All,#4682B4,0
22,28,27.233,0.760508,0.760508,26.499,0.843856,0.843856,25.519,0.877295,0.877295,27.233,0.859644,0.859644,0,All,#4682B4,0
22,30,34.4804,0.719051,0.719051,33.4857,0.792872,0.792872,32.1607,0.826645,0.826645,34.4804,0.808339,0.808339,0,All,#4682B4,0
22,32,43.656,0.794304,0.794304,42.3139,0.870123,0.870123,40.5302,0.909597,0.909597,43.656,0.831427,0.831427,0,All,#4682B4,0
22,34,55.2734,0.788768,0.788768,53.4697,0.808165,0.808165,51.078,0.847264,0.847264,55.2734,0.876104,0.876104,0,All,#4682B4,0
22,36,69.9834,0.754104,0.754104,67.5678,0.904401,0.904401,64.3724,0.950628,0.950628,69.9834,0.906968,0.906968,0,All,#4682B4,0
22,38,88.6094,0.736747,0.736747,85.3839,0.853675,0.853675,81.1268,0.899881,0.899881,88.6094,0.841661,0.841661,0,All,#4682B4,0
23,22,13.4131,0.522693,0.522693,12.2702,0.662005,0.662005,12.1324,0.669834,0.669834,13.4131,0.588083,0.588083,0,All,#4682B4,0
23,24,16.9879,0.546892,0.546892,15.4152,0.643927,0.643927,15.2263,0.652247,0.652247,16.9879,0.587922,0.587922,0,All,#4682B4,0
23,26,21.5087,0.759101,0.759101,19.3602,1.00569,1.00569,19.1034,1.01957,1.01957,21.5087,0.856691,0.856691,0,All,#4682B4,0
23,28,27.233,0.777352,0.777352,24.315,0.963169,0.963169,23.9678,0.977511,0.977511,27.233,0.81786,0.81786,0,All,#4682B4,0
23,30,34.4804,0.764148,0.764148,30.5378,0.952169,0.952169,30.0709,0.967372,0.967372,34.4804,0.802923,0.802923,0,All,#4682B4,0
23,32,43.656,0.76883,0.76883,38.3523,0.928413,0.928413,37.7271,0.944244,0.944244,43.656,0.800312,0.800312,0,All,#4682B4,0
23,34,55.2734,0.666041,0.666041,48.1668,0.859515,0.859515,47.333,0.87513,0.87513,55.2734,0.774625,0.774625,0,All,#4682B4,0
23,36,69.9834,0.684201,0.684201,60.4946,0.867836,0.867836,59.3864,0.884533,0.884533,69.9834,0.782306,0.782306,0,All,#4682B4,0
23,38,88.6094,0.662068,0.662068,75.9764,0.856358,0.856358,74.5078,0.873767,0.873767,88.6094,0.800861,0.800861,0,All,#4682B4,0
24,22,13.4131,0.618611,0.618611,11.9419,0.675977,0.675977,11.8095,0.683857,0.683857,13.4131,0.655504,0.655504,0,All,#4682B4,0
24,24,16.9879,0.619782,0.619782,14.9658,0.819825,0.819825,14.7848,0.830186,0.830186,16.9879,0.704894,0.704894,0,All,#4682B4,0
24,26,21.5087,0.842731,0.842731,18.7495,0.946469,0.946469,18.5041,0.959379,0.959379,21.5087,0.8902,0.8902,0,All,#4682B4,0
24,28,27.233,0.617314,0.617314,23.49,0.831876,0.831876,23.1591,0.844148,0.844148,27.233,0.727906,0.727906,0,All,#4682B4,0
24,30,34.4804,0.429796,0.429796,29.4291,0.60258,0.60258,28.9851,0.612223,0.612223,34.4804,0.507242,0.507242,0,All,#4682B4,0
24,32,43.656,0.48001,0.48001,36.8689,0.681027,0.681027,36.2759,0.692601,0.692601,43.656,0.524513,0.524513,0,All,#4682B4,0
24,34,55.2734,0.600792,0.600792,46.1898,0.81108,0.81108,45.4008,0.825643,0.825643,55.2734,0.663114,0.663114,0,All,#4682B4,0
24,36,69.9834,0.694544,0.694544,57.8689,0.971459,0.971459,56.8228,0.989839,0.989839,69.9834,0.821279,0.821279,0,All,#4682B4,0
24,38,88.6094,0.739617,0.739617,72.4994,1.05184,1.05184,71.1165,1.07282,1.07282,88.6094,0.811116,0.811116,0,All,#4682B4,0
25,22,13.4131,0.396829,0.396829,11.3217,0.488745,0.488745,11.0156,0.503072,0.503072,13.4131,0.385065,0.385065,0,All,#4682B4,0
25,24,16.9879,0.412368,0.412368,14.1198,0.420115,0.420115,13.7039,0.433682,0.433682,16.9879,0.468037,0.468037,0,All,#4682B4,0
25,26,21.5087,0.547671,0.547671,17.6042,0.730556,0.730556,17.0431,0.755491,0.755491,21.5087,0.592206,0.592206,0,All,#4682B4,0
25,28,27.233,0.622161,0.622161,21.9485,0.82551,0.82551,21.196,0.855769,0.855769,27.233,0.75235,0.75235,0,All,#4682B4,0
25,30,34.4804,0.359964,0.359964,27.3648,0.520935,0.520935,26.3609,0.541798,0.541798,34.4804,0.394407,0.394407,0,All,#4682B4,0
25,32,43.656,0.436408,0.436408,34.117,0.586366,0.586366,32.7836,0.611307,0.611307,43.656,0.48163,0.48163,0,All,#4682B4,0
25,34,55.2734,0.658176,0.658176,42.5355,0.879818,0.879818,40.7714,0.919047,0.919047,55.2734,0.736323,0.736323,0,All,#4682B4,0
25,36,69.9834,0.645519,0.645519,53.0328,0.92401,0.92401,50.7067,0.967629,0.967629,69.9834,0.809708,0.809708,0,All,#4682B4,0
25,38,88.6094,0.604479,0.604479,66.1189,0.874633,0.874633,63.0615,0.91834,0.91834,88.6094,0.744874,0.744874,0,All,#4682B4,0
26,22,13.4131,0.189807,0.189807,10.3743,0.325311,0.325311,10.1808,0.332005,0.332005,13.4131,0.217425,0.217425,0,All,#4682B4,0
26,24,16.9879,0.331256,0.331256,12.8358,0.464825,0.464825,12.5748,0.475031,0.475031,16.9879,0.393342,0.393342,0,All,#4682B4,0
26,26,21.5087,0.349028,0.349028,15.8768,0.54209,0.54209,15.5274,0.554893,0.554893,21.5087,0.317842,0.317842,0,All,#4682B4,0
26,28,27.233,0.417982,0.417982,19.6381,0.72337,0.72337,19.173,0.741568,0.741568,27.233,0.472253,0.472253,0,All,#4682B4,0
26,30,34.4804,0.415632,0.415632,24.2905,0.654403,0.654403,23.6747,0.672124,0.672124,34.4804,0.471612,0.471612,0,All,#4682B4,0
26,32,43.656,0.417082,0.417082,30.0445,0.691746,0.691746,29.2328,0.711701,0.711701,43.656,0.543208,0.543208,0,All,#4682B4,0
26,34,55.2734,0.41348,0.41348,37.1619,0.669943,0.669943,36.096,0.690518,0.690518,55.2734,0.470137,0.470137,0,All,#4682B4,0
26,36,69.9834,0.409661,0.409661,45.9658,0.732377,0.732377,44.5709,0.756139,0.756139,69.9834,0.528089,0.528089,0,All,#4682B4,0
26,38,88.6094,0.23565,0.23565,56.8546,0.599722,0.599722,55.0351,0.620438,0.620438,88.6094,0.361091,0.361091,0,All,#4682B4,0
27,14,5.21933,1.53308,1.53308,5.76861,1.24267,1.24267,5.70526,1.25676,1.25676,5.21933,1.47893,1.47893,0,All,#4682B4,0
27,16,6.61039,1.65863,1.65863,7.41124,1.53057,1.53057,7.31829,1.55035,1.55035,6.61039,1.66008,1.66008,0,All,#4682B4,0
27,19,9.41766,1.60416,1.60416,10.7875,1.50888,1.50888,10.627,1.53207,1.53207,9.41766,1.53974,1.53974,0,All,#4682B4,0
27,21,11.9239,1.5659,1.5659,13.855,1.43873,1.43873,13.6274,1.46321,1.46321,11.9239,1.64956,1.64956,0,All,#4682B4,0
27,23,15.0971,1.64195,1.64195,17.7945,1.42721,1.42721,17.4746,1.45383,1.45383,15.0971,1.69775,1.69775,0,All,#4682B4,0
27,26,21.5082,1.26073,1.26073,25.9009,1.15522,1.15522,25.3751,1.17971,1.17971,21.5082,1.28543,1.28543,0,All,#4682B4,0
27,28,27.2322,0.903974,0.903974,33.2658,0.748381,0.748381,32.5391,0.765694,0.765694,27.2322,1.01259,1.01259,0,All,#4682B4,0
27,30,34.48,0.877866,0.877866,42.7252,0.732644,0.732644,41.7261,0.750829,0.750829,34.48,0.991866,0.991866,0,All,#4682B4,0
27,33,49.1227,0.816891,0.816891,62.1885,0.67106,0.67106,60.5907,0.689465,0.689465,49.1227,0.928913,0.928913,0,All,#4682B4,0
27,34,55.273,0.7197,0.7197,70.4787,0.620508,0.620508,68.6135,0.638106,0.638106,55.273,0.858031,0.858031,0,All,#4682B4,0
28,14,5.21933,1.16527,1.16527,5.30632,1.18144,1.18144,5.24245,1.19616,1.19616,5.21933,1.22359,1.22359,0,All,#4682B4,0
28,16,6.61039,1.29215,1.29215,6.73645,1.35359,1.35359,6.64387,1.37283,1.37283,6.61039,1.20757,1.20757,0,All,#4682B4,0
28,19,9.41766,1.42546,1.42546,9.63131,1.46272,1.46272,9.47433,1.48741,1.48741,9.41766,1.39046,1.39046,0,All,#4682B4,0
28,21,11.9239,1.13432,1.13432,12.2233,1.26002,1.26002,12.0033,1.28361,1.28361,11.9239,1.13853,1.13853,0,All,#4682B4,0
28,23,15.0971,1.0476,1.0476,15.5127,1.12751,1.12751,15.2071,1.1507,1.1507,15.0971,1.06321,1.06321,0,All,#4682B4,0
28,26,21.5082,1.06573,1.06573,22.1788,1.12038,1.12038,21.6855,1.14647,1.14647,21.5082,1.13701,1.13701,0,All,#4682B4,0
28,28,27.2322,0.570265,0.570265,28.1475,0.597159,0.597159,27.474,0.612456,0.612456,27.2322,0.605051,0.605051,0,All,#4682B4,0
28,30,34.48,0.762094,0.762094,35.7233,0.752231,0.752231,34.8082,0.772713,0.772713,34.48,0.862998,0.862998,0,All,#4682B4,0
28,33,49.1227,0.451885,0.451885,51.0745,0.568059,0.568059,49.6373,0.585285,0.585285,49.1227,0.539227,0.539227,0,All,#4682B4,0
28,34,55.273,0.42645,0.42645,57.5371,0.524409,0.524409,55.8696,0.540862,0.540862,55.273,0.497319,0.497319,0,All,#4682B4,0
29,14,5.21933,1.33251,1.33251,5.61461,1.3385,1.3385,5.58286,1.34626,1.34626,5.21933,1.34887,1.34887,0,All,#4682B4,0
29,16,6.61039,1.32296,1.32296,7.18556,1.2081,1.2081,7.13914,1.21613,1.21613,6.61039,1.40733,1.40733,0,All,#4682B4,0
29,19,9.41766,1.10961,1.10961,10.3985,1.18066,1.18066,10.3188,1.18999,1.18999,9.41766,1.17676,1.17676,0,All,#4682B4,0
29,21,11.9239,1.47485,1.47485,13.3039,1.44825,1.44825,13.1912,1.46085,1.46085,11.9239,1.44904,1.44904,0,All,#4682B4,0
29,23,15.0971,1.44452,1.44452,17.0208,1.39527,1.39527,16.863,1.40859,1.40859,15.0971,1.45967,1.45967,0,All,#4682B4,0
29,26,21.5082,1.01263,1.01263,24.6314,1.07501,1.07501,24.3734,1.08668,1.08668,21.5082,1.08669,1.08669,0,All,#4682B4,0
29,28,27.2322,1.00619,1.00619,31.5133,0.958442,0.958442,31.1578,0.969682,0.969682,27.2322,1.11963,1.11963,0,All,#4682B4,0
29,30,34.48,1.02712,1.02712,40.3185,1.01639,1.01639,39.8316,1.02914,1.02914,34.48,1.19128,1.19128,0,All,#4682B4,0
29,33,49.1227,0.898924,0.898924,58.3461,0.756777,0.756777,57.5714,0.767322,0.767322,49.1227,0.978728,0.978728,0,All,#4682B4,0
29,34,55.273,0.547996,0.547996,65.9958,0.515566,0.515566,65.0929,0.523089,0.523089,55.273,0.622011,0.622011,0,All,#4682B4,0
30,14,5.21933,1.64503,1.64503,5.73482,1.66942,1.66942,5.63615,1.69912,1.69912,5.21933,1.66443,1.66443,0,All,#4682B4,0
30,16,6.61039,1.77689,1.77689,7.36166,1.67291,1.67291,7.21708,1.70697,1.70697,6.61039,1.76258,1.76258,0,All,#4682B4,0
30,19,9.41766,1.14331,1.14331,10.7018,1.05514,1.05514,10.4527,1.08093,1.08093,9.41766,1.21826,1.21826,0,All,#4682B4,0
30,21,11.9239,1.16148,1.16148,13.7335,1.0488,1.0488,13.3806,1.07718,1.07718,11.9239,1.25529,1.25529,0,All,#4682B4,0
30,23,15.0971,1.38497,1.38497,17.6236,1.29317,1.29317,17.1282,1.33135,1.33135,15.0971,1.40254,1.40254,0,All,#4682B4,0
30,26,21.5082,1.10451,1.10451,25.6199,0.99012,0.99012,24.8073,1.02344,1.02344,21.5082,1.09874,1.09874,0,All,#4682B4,0
30,28,27.2322,0.841709,0.841709,32.8773,0.742305,0.742305,31.7556,0.769474,0.769474,27.2322,0.961303,0.961303,0,All,#4682B4,0
30,30,34.48,1.04764,1.04764,42.1908,0.978641,0.978641,40.6507,1.01674,1.01674,34.48,1.04362,1.04362,0,All,#4682B4,0
30,33,49.1227,1.00433,1.00433,61.3335,0.923269,0.923269,58.8751,0.962942,0.962942,49.1227,1.12177,1.12177,0,All,#4682B4,0
30,34,55.273,0.631455,0.631455,69.4803,0.525882,0.525882,66.6124,0.54968,0.54968,55.273,0.712204,0.712204,0,All,#4682B4,0
31,14,5.21933,0.749963,0.749963,5.41254,0.723557,0.723557,5.37265,0.729128,0.729128,5.21933,0.763002,0.763002,0,All,#4682B4,0
31,16,6.61039,1.3381,1.3381,6.89078,1.31112,1.31112,6.83278,1.32248,1.32248,6.61039,1.39606,1.39606,0,All,#4682B4,0
31,19,9.41766,0.951629,0.951629,9.8939,1.00054,1.00054,9.79507,1.0109,1.0109,9.41766,0.923822,0.923822,0,All,#4682B4,0
31,21,11.9239,1.4333,1.4333,12.5922,1.31687,1.31687,12.4532,1.33187,1.33187,11.9239,1.43105,1.43105,0,All,#4682B4,0
31,23,15.0971,1.21764,1.21764,16.0261,1.25584,1.25584,15.8325,1.27152,1.27152,15.0971,1.18781,1.18781,0,All,#4682B4,0
31,26,21.5082,1.09137,1.09137,23.0104,1.12939,1.12939,22.6965,1.14538,1.14538,21.5082,1.18675,1.18675,0,All,#4682B4,0
31,28,27.2322,0.78277,0.78277,29.2857,0.811316,0.811316,28.8556,0.823809,0.823809,27.2322,0.857148,0.857148,0,All,#4682B4,0
31,30,34.48,1.04572,1.04572,37.2732,1.07855,1.07855,36.6871,1.09622,1.09622,34.48,1.15205,1.15205,0,All,#4682B4,0
31,33,49.1227,0.927709,0.927709,53.5172,0.898348,0.898348,52.5923,0.914621,0.914621,49.1227,1.01095,1.01095,0,All,#4682B4,0
31,34,55.273,0.555939,0.555939,60.3746,0.587603,0.587603,59.2996,0.598742,0.598742,55.273,0.603302,0.603302,0,All,#4682B4,0
32,14,5.21933,0.308195,0.308195,5.01883,0.34333,0.34333,4.91425,0.351209,0.351209,5.21933,0.250259,0.250259,0,All,#4682B4,0
32,16,6.61039,0.719219,0.719219,6.32096,0.749802,0.749802,6.17064,0.768722,0.768722,6.61039,0.756037,0.756037,0,All,#4682B4,0
32,19,9.41766,0.87716,0.87716,8.93008,0.968314,0.968314,8.67847,0.997167,0.997167,9.41766,0.898294,0.898294,0,All,#4682B4,0
32,21,11.9239,0.800739,0.800739,11.2435,0.861836,0.861836,10.8938,0.890358,0.890358,11.9239,0.833595,0.833595,0,All,#4682B4,0
32,23,15.0971,1.34368,1.34368,14.1561,1.61766,1.61766,13.6747,1.67555,1.67555,15.0971,1.37815,1.37815,0,All,#4682B4,0
32,26,21.5082,1.04284,1.04284,19.9989,1.15585,1.15585,19.2318,1.20302,1.20302,21.5082,1.18886,1.18886,0,All,#4682B4,0
32,28,27.2322,0.56712,0.56712,25.1801,0.639045,0.639045,24.1417,0.667689,0.667689,27.2322,0.539417,0.539417,0,All,#4682B4,0
32,30,34.48,0.516181,0.516181,31.7035,0.62375,0.62375,30.3045,0.653786,0.653786,34.48,0.593001,0.593001,0,All,#4682B4,0
32,33,49.1227,0.446972,0.446972,44.7896,0.593329,0.593329,42.6203,0.624895,0.624895,49.1227,0.500544,0.500544,0,All,#4682B4,0
32,34,55.273,0.262636,0.262636,50.2571,0.351266,0.351266,47.7517,0.371106,0.371106,55.273,0.325657,0.325657,0,All,#4682B4,0
33,11,3.66351,0.335583,0.335583,3.36445,0.426519,0.426519,3.38267,0.424077,0.424077,3.66351,0.330689,0.330689,0,All,#4682B4,0
33,12,4.12295,0.256014,0.256014,3.75718,0.321722,0.321722,3.77938,0.319674,0.319674,4.12295,0.21892,0.21892,0,All,#4682B4,0
33,13,4.63991,0.248557,0.248557,4.19563,0.354627,0.354627,4.22249,0.3522,0.3522,4.63991,0.322902,0.322902,0,All,#4682B4,0
33,14,5.22094,0.520031,0.520031,4.68464,0.58073,0.58073,4.71695,0.576568,0.576568,5.22094,0.521575,0.521575,0,All,#4682B4,0
33,17,7.43817,0.731473,0.731473,6.52086,0.807579,0.807579,6.57552,0.800644,0.800644,7.43817,0.751075,0.751075,0,All,#4682B4,0
33,18,8.36956,0.80002,0.80002,7.28085,0.905783,0.905783,7.34547,0.897578,0.897578,8.36956,0.796675,0.796675,0,All,#4682B4,0
33,19,9.41765,0.755196,0.755196,8.12943,0.854984,0.854984,8.20562,0.846796,0.846796,9.41765,0.771321,0.771321,0,All,#4682B4,0
33,20,10.5968,1.14808,1.14808,9.07678,1.2676,1.2676,9.16634,1.25496,1.25496,10.5968,1.16034,1.16034,0,All,#4682B4,0
33,25,19.1146,0.851531,0.851531,15.7512,1.13236,1.13236,15.9457,1.11822,1.11822,19.1146,0.817875,0.817875,0,All,#4682B4,0
33,26,21.5082,0.559793,0.559793,17.5866,0.623336,0.623336,17.8126,0.61509,0.61509,21.5082,0.57461,0.57461,0,All,#4682B4,0
33,27,24.2019,0.819451,0.819451,19.6363,1.04804,1.04804,19.8984,1.03388,1.03388,24.2019,0.934551,0.934551,0,All,#4682B4,0
33,28,27.2321,0.62501,0.62501,21.9252,0.94789,0.94789,22.2287,0.934582,0.934582,27.2321,0.75147,0.75147,0,All,#4682B4,0
33,32,43.6553,0.554028,0.554028,34.0755,0.841321,0.841321,34.615,0.82779,0.82779,43.6553,0.701461,0.701461,0,All,#4682B4,0
33,33,49.1224,0.49026,0.49026,38.0466,0.860745,0.860745,38.668,0.846481,0.846481,49.1224,0.655468,0.655468,0,All,#4682B4,0
33,34,55.2726,0.47562,0.47562,42.4813,0.770375,0.770375,43.1964,0.757178,0.757178,55.2726,0.610423,0.610423,0,All,#4682B4,0
34,11,3.66351,0.0408579,0.0408579,3.36349,-0.0268598,-0.0268598,3.38383,-0.0268598,-0.0268598,3.66351,0.0243491,0.0243491,0,All,#4682B4,0
34,12,4.12295,0.302879,0.302879,3.75602,0.483446,0.483446,3.78081,0.4801,0.4801,4.12295,0.356905,0.356905,0,All,#4682B4,0
34,13,4.63991,0.985326,0.985326,4.19422,1.08097,1.08097,4.22422,1.0731,1.0731,4.63991,0.901303,0.901303,0,All,#4682B4,0
34,14,5.22094,0.738658,0.738658,4.68295,0.940403,0.940403,4.71902,0.93301,0.93301,5.22094,0.796136,0.796136,0,All,#4682B4,0
34,17,7.43817,0.749444,0.749444,6.51801,0.987821,0.987821,6.57902,0.97841,0.97841,7.43817,0.829217,0.829217,0,All,#4682B4,0
34,18,8.36956,0.698725,0.698725,7.27747,0.964568,0.964568,7.34962,0.954836,0.954836,8.36956,0.75672,0.75672,0,All,#4682B4,0
34,19,9.41765,0.781616,0.781616,8.12545,0.984402,0.984402,8.21051,0.973926,0.973926,9.41765,0.829113,0.829113,0,All,#4682B4,0
34,20,10.5968,0.791444,0.791444,9.0721,0.963378,0.963378,9.17209,0.952584,0.952584,10.5968,0.861581,0.861581,0,All,#4682B4,0
34,25,19.1146,0.669022,0.669022,15.741,0.954349,0.954349,15.9582,0.940996,0.940996,19.1146,0.696702,0.696702,0,All,#4682B4,0
34,26,21.5082,0.778425,0.778425,17.5749,1.05566,1.05566,17.8271,1.04034,1.04034,21.5082,0.814718,0.814718,0,All,#4682B4,0
34,27,24.2019,0.704566,0.704566,19.6227,1.01595,1.01595,19.9152,1.00063,1.00063,24.2019,0.750321,0.750321,0,All,#4682B4,0
34,28,27.2321,0.738886,0.738886,21.9094,0.974131,0.974131,22.2482,0.958886,0.958886,27.2321,0.798671,0.798671,0,All,#4682B4,0
34,32,43.6553,0.420672,0.420672,34.0474,0.654903,0.654903,34.6497,0.643052,0.643052,43.6553,0.436099,0.436099,0,All,#4682B4,0
34,33,49.1224,0.369952,0.369952,38.0142,0.655626,0.655626,38.7081,0.643393,0.643393,49.1224,0.475533,0.475533,0,All,#4682B4,0
34,34,55.2726,0.34231,0.34231,42.4441,0.583858,0.583858,43.2424,0.572583,0.572583,55.2726,0.420035,0.420035,0,All,#4682B4,0
35,11,3.66351,0.383785,0.383785,3.46402,0.492577,0.492577,3.43673,0.496703,0.496703,3.66351,0.352837,0.352837,0,All,#4682B4,0
35,12,4.12295,0.647872,0.647872,3.87865,0.656781,0.656781,3.84532,0.662706,0.662706,4.12295,0.665451,0.665451,0,All,#4682B4,0
35,13,4.63991,0.659327,0.659327,4.34279,0.735989,0.735989,4.30237,0.743156,0.743156,4.63991,0.70231,0.70231,0,All,#4682B4,0
35,14,5.22094,0.595894,0.595894,4.86181,0.652894,0.652894,4.8131,0.659773,0.659773,5.22094,0.66897,0.66897,0,All,#4682B4,0
35,17,7.43817,0.761245,0.761245,6.82153,0.790567,0.790567,6.73864,0.800622,0.800622,7.43817,0.834686,0.834686,0,All,#4682B4,0
35,18,8.36956,0.84869,0.84869,7.63676,0.940751,0.940751,7.53854,0.953358,0.953358,8.36956,0.843037,0.843037,0,All,#4682B4,0
35,19,9.41765,0.947661,0.947661,8.54949,1.13004,1.13004,8.43345,1.14595,1.14595,9.41765,1.02412,1.02412,0,All,#4682B4,0
35,20,10.5968,0.977743,0.977743,9.57109,1.04056,1.04056,9.43441,1.05603,1.05603,10.5968,0.956957,0.956957,0,All,#4682B4,0
35,25,19.1146,0.972468,0.972468,16.8306,1.10475,1.10475,16.5307,1.12528,1.12528,19.1146,1.03492,1.03492,0,All,#4682B4,0
35,26,21.5082,0.798522,0.798522,18.8418,1.01912,1.01912,18.4927,1.03886,1.03886,21.5082,0.805762,0.805762,0,All,#4682B4,0
35,27,24.2019,0.663264,0.663264,21.0938,0.845387,0.845387,20.6881,0.862492,0.862492,24.2019,0.795218,0.795218,0,All,#4682B4,0
35,28,27.2321,0.65714,0.65714,23.6149,0.931203,0.931203,23.1441,0.950691,0.950691,27.2321,0.786626,0.786626,0,All,#4682B4,0
35,32,43.6553,0.574696,0.574696,37.0927,0.785546,0.785546,36.2488,0.804459,0.804459,43.6553,0.658173,0.658173,0,All,#4682B4,0
35,33,49.1224,0.597042,0.597042,41.5259,0.763943,0.763943,40.5519,0.782938,0.782938,49.1224,0.682428,0.682428,0,All,#4682B4,0
35,34,55.2726,0.518375,0.518375,46.4891,0.644806,0.644806,45.3661,0.661432,0.661432,55.2726,0.699708,0.699708,0,All,#4682B4,0
36,11,3.66351,0.345558,0.345558,3.48889,0.363232,0.363232,3.45905,0.366597,0.366597,3.66351,0.266814,0.266814,0,All,#4682B4,0
36,12,4.12295,0.442785,0.442785,3.90904,0.490886,0.490886,3.87258,0.495761,0.495761,4.12295,0.416556,0.416556,0,All,#4682B4,0
36,13,4.63991,0.335783,0.335783,4.37966,0.393793,0.393793,4.33542,0.398085,0.398085,4.63991,0.345684,0.345684,0,All,#4682B4,0
36,14,5.22094,0.431253,0.431253,4.90628,0.49454,0.49454,4.85293,0.500271,0.500271,5.22094,0.472857,0.472857,0,All,#4682B4,0
36,17,7.43817,0.740137,0.740137,6.89737,0.836721,0.836721,6.80641,0.848262,0.848262,7.43817,0.840693,0.840693,0,All,#4682B4,0
36,18,8.36956,0.842965,0.842965,7.72668,0.963836,0.963836,7.61883,0.977859,0.977859,8.36956,0.865637,0.865637,0,All,#4682B4,0
36,19,9.41765,1.07309,1.07309,8.65578,1.18497,1.18497,8.52831,1.20308,1.20308,9.41765,1.12496,1.12496,0,All,#4682B4,0
36,20,10.5968,0.84087,0.84087,9.69638,0.837158,0.837158,9.54613,0.850757,0.850757,10.5968,0.832123,0.832123,0,All,#4682B4,0
36,25,19.1146,1.11862,1.11862,17.1065,1.42842,1.42842,16.7758,1.45711,1.45711,19.1146,1.21015,1.21015,0,All,#4682B4,0
36,26,21.5082,0.900897,0.900897,19.1631,1.0863,1.0863,18.7779,1.10913,1.10913,21.5082,1.00848,1.00848,0,All,#4682B4,0
36,27,24.2019,0.767496,0.767496,21.4675,0.954584,0.954584,21.0195,0.975499,0.975499,24.2019,0.849671,0.849671,0,All,#4682B4,0
36,28,27.2321,0.731325,0.731325,24.0488,0.80913,0.80913,23.5287,0.827609,0.827609,27.2321,0.800368,0.800368,0,All,#4682B4,0
36,32,43.6553,0.500262,0.500262,37.8727,0.688184,0.688184,36.9381,0.706276,0.706276,43.6553,0.619546,0.619546,0,All,#4682B4,0
36,33,49.1224,0.569063,0.569063,42.4268,0.734408,0.734408,41.3474,0.754282,0.754282,49.1224,0.699568,0.699568,0,All,#4682B4,0
36,34,55.2726,0.487404,0.487404,47.5284,0.702371,0.702371,46.2832,0.72199,0.72199,55.2726,0.588778,0.588778,0,All,#4682B4,0
37,11,3.66351,0.855576,0.855576,3.77547,0.871675,0.871675,3.72729,0.883292,0.883292,3.66351,0.892404,0.892404,0,All,#4682B4,0
37,12,4.12295,0.744743,0.744743,4.2606,0.746418,0.746418,4.20131,0.757331,0.757331,4.12295,0.782109,0.782109,0,All,#4682B4,0
37,13,4.63991,0.931469,0.931469,4.80796,0.928773,0.928773,4.73552,0.943392,0.943392,4.63991,0.956863,0.956863,0,All,#4682B4,0
37,14,5.22094,0.81097,0.81097,5.42486,0.784898,0.784898,5.33689,0.798279,0.798279,5.22094,0.752068,0.752068,0,All,#4682B4,0
37,17,7.43817,1.00545,1.00545,7.79242,0.996979,0.996979,7.63924,1.01751,1.01751,7.43817,0.989234,0.989234,0,All,#4682B4,0
37,18,8.36956,1.44743,1.44743,8.79221,1.39189,1.39189,8.60931,1.42203,1.42203,8.36956,1.50643,1.50643,0,All,#4682B4,0
37,19,9.41765,1.36678,1.36678,9.92028,1.38725,1.38725,9.7026,1.41898,1.41898,9.41765,1.31684,1.31684,0,All,#4682B4,0
37,20,10.5968,1.40789,1.40789,11.193,1.41951,1.41951,10.9346,1.45369,1.45369,10.5968,1.45665,1.45665,0,All,#4682B4,0
37,25,19.1146,1.00384,1.00384,20.4682,1.00526,1.00526,19.8792,1.03583,1.03583,19.1146,1.07171,1.07171,0,All,#4682B4,0
37,26,21.5082,1.19156,1.19156,23.0947,1.21665,1.21665,22.4039,1.255,1.255,21.5082,1.23102,1.23102,0,All,#4682B4,0
37,27,24.2019,0.893287,0.893287,26.0581,0.950886,0.950886,25.2492,0.982207,0.982207,24.2019,0.934494,0.934494,0,All,#4682B4,0
37,28,27.2321,0.952755,0.952755,29.401,0.925956,0.925956,28.4551,0.957629,0.957629,27.2321,1.01504,1.01504,0,All,#4682B4,0
37,32,43.6553,0.743099,0.743099,47.6515,0.678075,0.678075,45.9033,0.704921,0.704921,43.6553,0.807881,0.807881,0,All,#4682B4,0
37,33,49.1224,0.680391,0.680391,53.765,0.649415,0.649415,51.7326,0.675983,0.675983,49.1224,0.749856,0.749856,0,All,#4682B4,0
37,34,55.2726,0.641579,0.641579,60.663,0.643686,0.643686,58.3013,0.670849,0.670849,55.2726,0.721546,0.721546,0,All,#4682B4,0
38,11,3.66351,0.675429,0.675429,3.70626,0.763659,0.763659,3.70411,0.764118,0.764118,3.66351,0.657914,0.657914,0,All,#4682B4,0
38,12,4.12295,0.985638,0.985638,4.17546,1.01319,1.01319,4.17282,1.01385,1.01385,4.12295,1.05891,1.05891,0,All,#4682B4,0
38,13,4.63991,1.56079,1.56079,4.70396,1.54746,1.54746,4.70074,1.54854,1.54854,4.63991,1.55239,1.55239,0,All,#4682B4,0
38,14,5.22094,1.08678,1.08678,5.2986,1.1452,1.1452,5.29469,1.14606,1.14606,5.22094,1.04379,1.04379,0,All,#4682B4,0
38,17,7.43817,0.997842,0.997842,7.57274,1.0359,1.0359,7.56595,1.03686,1.03686,7.43817,0.968379,0.968379,0,All,#4682B4,0
38,18,8.36956,1.504,1.504,8.52997,1.40805,1.40805,8.52188,1.40942,1.40942,8.36956,1.51914,1.51914,0,All,#4682B4,0
38,19,9.41765,1.5142,1.5142,9.60826,1.48271,1.48271,9.59863,1.48422,1.48422,9.41765,1.51165,1.51165,0,All,#4682B4,0
38,20,10.5968,1.79449,1.79449,10.8227,1.74455,1.74455,10.8113,1.74642,1.74642,10.5968,1.87629,1.87629,0,All,#4682B4,0
38,25,19.1146,0.95058,0.95058,19.6253,0.963786,0.963786,19.5994,0.965093,0.965093,19.1146,1.05567,1.05567,0,All,#4682B4,0
38,26,21.5082,0.924097,0.924097,22.1063,0.968313,0.968313,22.0759,0.969679,0.969679,21.5082,1.02649,1.02649,0,All,#4682B4,0
38,27,24.2019,0.893568,0.893568,24.901,0.826977,0.826977,24.8656,0.828194,0.828194,24.2019,1,1,0,All,#4682B4,0
38,28,27.2321,0.53351,0.53351,28.0483,0.625611,0.625611,28.0069,0.626575,0.626575,27.2321,0.598068,0.598068,0,All,#4682B4,0
38,32,43.6553,0.488711,0.488711,45.154,0.567657,0.567657,45.0778,0.568661,0.568661,43.6553,0.577234,0.577234,0,All,#4682B4,0
38,33,49.1224,0.516673,0.516673,50.8621,0.536957,0.536957,50.7736,0.537939,0.537939,49.1224,0.571997,0.571997,0,All,#4682B4,0
38,34,55.2726,0.44716,0.44716,57.2906,0.503936,0.503936,57.188,0.504889,0.504889,55.2726,0.51859,0.51859,0,All,#4682B4,0
39,11,3.66351,0.331097,0.331097,3.45584,0.311857,0.311857,3.44806,0.312622,0.312622,3.66351,0.319624,0.319624,0,All,#4682B4,0
39,12,4.12295,0.488452,0.488452,3.86866,0.525659,0.525659,3.85915,0.52702,0.52702,4.12295,0.482713,0.482713,0,All,#4682B4,0
39,13,4.63991,0.339692,0.339692,4.33067,0.446495,0.446495,4.31914,0.447758,0.447758,4.63991,0.342458,0.342458,0,All,#4682B4,0
39,14,5.22094,0.50721,0.50721,4.8472,0.484049,0.484049,4.83331,0.485517,0.485517,5.22094,0.454138,0.454138,0,All,#4682B4,0
39,17,7.43817,0.754644,0.754644,6.79664,0.836675,0.836675,6.773,0.83969,0.83969,7.43817,0.751574,0.751574,0,All,#4682B4,0
39,18,8.36956,0.600155,0.600155,7.60726,0.725522,0.725522,7.57925,0.728303,0.728303,8.36956,0.643408,0.643408,0,All,#4682B4,0
39,19,9.41765,0.597709,0.597709,8.51463,0.699665,0.699665,8.48154,0.7025,0.7025,9.41765,0.601725,0.601725,0,All,#4682B4,0
40,11,3.66351,0.344672,0.344672,3.46135,0.377122,0.377122,3.48919,0.373899,0.373899,3.66351,0.288894,0.288894,0,All,#4682B4,0
40,12,4.12295,0.501445,0.501445,3.87539,0.517699,0.517699,3.9094,0.512961,0.512961,4.12295,0.563391,0.563391,0,All,#4682B4,0
40,13,4.63991,0.581391,0.581391,4.33883,0.59393,0.59393,4.3801,0.588081,0.588081,4.63991,0.616678,0.616678,0,All,#4682B4,0
40,14,5.22094,0.60574,0.60574,4.85704,0.674908,0.674908,4.90681,0.66779,0.66779,5.22094,0.621379,0.621379,0,All,#4682B4,0
40,17,7.43817,0.629198,0.629198,6.81341,0.775575,0.775575,6.89828,0.765703,0.765703,7.43817,0.61891,0.61891,0,All,#4682B4,0
40,18,8.36956,0.723136,0.723136,7.62713,0.782936,0.782936,7.72776,0.772391,0.772391,8.36956,0.76183,0.76183,0,All,#4682B4,0
40,19,9.41765,0.897583,0.897583,8.53811,0.972931,0.972931,8.65706,0.959194,0.959194,9.41765,0.913509,0.913509,0,All,#4682B4,0
41,11,3.66351,0.576121,0.576121,3.58038,0.56842,0.56842,3.54852,0.573765,0.573765,3.66351,0.523814,0.523814,0,All,#4682B4,0
41,12,4.12295,0.432977,0.432977,4.02099,0.462309,0.462309,3.98197,0.467103,0.467103,4.12295,0.390253,0.390253,0,All,#4682B4,0
41,13,4.63991,0.555723,0.555723,4.51573,0.579486,0.579486,4.46827,0.585926,0.585926,4.63991,0.53204,0.53204,0,All,#4682B4,0
41,14,5.22094,0.581888,0.581888,5.07061,0.563615,0.563615,5.01325,0.570371,0.570371,5.22094,0.572572,0.572572,0,All,#4682B4,0
41,17,7.43817,0.897256,0.897256,7.17891,1.00527,1.00527,7.08041,1.01963,1.01963,7.43817,0.927028,0.927028,0,All,#4682B4,0
41,18,8.36956,0.842799,0.842799,8.061,0.946839,0.946839,7.94394,0.961186,0.961186,8.36956,0.866831,0.866831,0,All,#4682B4,0
41,19,9.41765,1.03131,1.03131,9.05157,1.0391,1.0391,8.91289,1.05568,1.05568,9.41765,1.0835,1.0835,0,All,#4682B4,0
42,11,3.66351,0.682343,0.682343,3.69024,0.752681,0.752681,3.71423,0.747644,0.747644,3.66351,0.681483,0.681483,0,All,#4682B4,0
42,12,4.12295,0.561481,0.561481,4.15577,0.614231,0.614231,4.18526,0.609714,0.609714,4.12295,0.562092,0.562092,0,All,#4682B4,0
42,13,4.63991,0.817069,0.817069,4.67994,0.912329,0.912329,4.71592,0.905162,0.905162,4.63991,0.787751,0.787751,0,All,#4682B4,0
42,14,5.22094,0.805198,0.805198,5.26946,0.732837,0.732837,5.31311,0.726596,0.726596,5.22094,0.866145,0.866145,0,All,#4682B4,0
42,17,7.43817,1.10522,1.10522,7.52219,1.03226,1.03226,7.59792,1.0217,1.0217,7.43817,1.10211,1.10211,0,All,#4682B4,0
42,18,8.36956,1.4282,1.4282,8.4697,1.59186,1.59186,8.56002,1.57478,1.57478,8.36956,1.51632,1.51632,0,All,#4682B4,0
42,19,9.41765,1.0251,1.0251,9.53661,1.10965,1.10965,9.64398,1.097,1.097,9.41765,1.03861,1.03861,0,All,#4682B4,0
43,11,3.66351,-0.0681156,-0.0681156,3.69379,-0.0268598,-0.0268598,3.62692,-0.0268598,-0.0268598,3.66351,-0.0229174,-0.0229174,0,All,#4682B4,0
43,12,4.12295,0.258729,0.258729,4.16014,0.304228,0.304228,4.07805,0.310893,0.310893,4.12295,0.225686,0.225686,0,All,#4682B4,0
43,13,4.63991,0.901259,0.901259,4.68527,0.927369,0.927369,4.58518,0.948199,0.948199,4.63991,0.844514,0.844514,0,All,#4682B4,0
43,14,5.22094,0.784021,0.784021,5.27592,0.641846,0.641846,5.15465,0.657579,0.657579,5.22094,0.791739,0.791739,0,All,#4682B4,0
43,17,7.43817,0.74861,0.74861,7.5334,0.733148,0.733148,7.32364,0.754916,0.754916,7.43817,0.765623,0.765623,0,All,#4682B4,0
43,18,8.36956,1.04081,1.04081,8.48307,1.0891,1.0891,8.23318,1.12297,1.12297,8.36956,0.995293,0.995293,0,All,#4682B4,0
43,19,9.41765,1.21671,1.21671,9.5525,1.42021,1.42021,9.25575,1.46661,1.46661,9.41765,1.29991,1.29991,0,All,#4682B4,0
44,11,3.66351,0.974516,0.974516,3.82532,0.973156,0.973156,3.85901,0.964424,0.964424,3.66351,0.945787,0.945787,0,All,#4682B4,0
44,12,4.12295,0.982505,0.982505,4.322,0.892167,0.892167,4.36355,0.883416,0.883416,4.12295,0.999841,0.999841,0,All,#4682B4,0
44,13,4.63991,1.07202,1.07202,4.88306,1.08614,1.08614,4.93393,1.07466,1.07466,4.63991,1.04228,1.04228,0,All,#4682B4,0
44,14,5.22094,1.08552,1.08552,5.51617,0.895043,0.895043,5.57809,0.884809,0.884809,5.22094,1.14194,1.14194,0,All,#4682B4,0
44,17,7.43817,1.28785,1.28785,7.95198,1.10104,1.10104,8.06049,1.08586,1.08586,7.43817,1.31603,1.31603,0,All,#4682B4,0
44,18,8.36956,1.58611,1.58611,8.98295,1.59449,1.59449,9.11281,1.57138,1.57138,8.36956,1.56208,1.56208,0,All,#4682B4,0
44,19,9.41765,1.43859,1.43859,10.1476,1.41092,1.41092,10.3025,1.38931,1.38931,9.41765,1.39315,1.39315,0,All,#4682B4,0
45,11,3.66351,0.55996,0.55996,3.56278,0.53261,0.53261,3.51237,0.54064,0.54064,3.66351,0.553879,0.553879,0,All,#4682B4,0
45,12,4.12295,0.47755,0.47755,3.99944,0.441642,0.441642,3.93774,0.448982,0.448982,4.12295,0.428847,0.428847,0,All,#4682B4,0
45,13,4.63991,0.539178,0.539178,4.4895,0.586139,0.586139,4.41452,0.596552,0.596552,4.63991,0.561227,0.561227,0,All,#4682B4,0
45,14,5.22094,0.546889,0.546889,5.03891,0.704217,0.704217,4.94833,0.717598,0.717598,5.22094,0.566812,0.566812,0,All,#4682B4,0
45,17,7.43817,0.704048,0.704048,7.12444,0.714719,0.714719,6.96923,0.731234,0.731234,7.43817,0.673771,0.673771,0,All,#4682B4,0
45,18,8.36956,0.825954,0.825954,7.99626,0.834703,0.834703,7.81194,0.855032,0.855032,8.36956,0.817394,0.817394,0,All,#4682B4,0
45,19,9.41765,0.968377,0.968377,8.97485,1.01753,1.01753,8.75663,1.04356,1.04356,9.41765,0.980919,0.980919,0,All,#4682B4,0
46,11,3.66351,0.269538,0.269538,3.53712,0.326171,0.326171,3.48593,0.331355,0.331355,3.66351,0.237268,0.237268,0,All,#4682B4,0
46,12,4.12295,0.367293,0.367293,3.96803,0.421591,0.421591,3.90542,0.428779,0.428779,4.12295,0.359691,0.359691,0,All,#4682B4,0
46,13,4.63991,0.531798,0.531798,4.45131,0.565813,0.565813,4.37528,0.576113,0.576113,4.63991,0.519502,0.519502,0,All,#4682B4,0
46,14,5.22094,0.307289,0.307289,4.99277,0.308729,0.308729,4.90099,0.315014,0.315014,5.22094,0.315073,0.315073,0,All,#4682B4,0
46,17,7.43817,0.767653,0.767653,7.0453,0.746877,0.746877,6.88834,0.764507,0.764507,7.43817,0.748466,0.748466,0,All,#4682B4,0
46,18,8.36956,0.645463,0.645463,7.90224,0.859604,0.859604,7.71597,0.881004,0.881004,8.36956,0.673899,0.673899,0,All,#4682B4,0
46,19,9.41765,0.890806,0.890806,8.86351,0.992471,0.992471,8.64312,1.01846,1.01846,9.41765,0.936066,0.936066,0,All,#4682B4,0
47,11,3.66351,0.293293,0.293293,3.44435,0.296767,0.296767,3.42301,0.298784,0.298784,3.66351,0.362198,0.362198,0,All,#4682B4,0
47,12,4.12295,0.54324,0.54324,3.85463,0.506208,0.506208,3.82859,0.509833,0.509833,4.12295,0.53109,0.53109,0,All,#4682B4,0
47,13,4.63991,0.430479,0.430479,4.31365,0.472646,0.472646,4.28209,0.476328,0.476328,4.63991,0.428018,0.428018,0,All,#4682B4,0
47,14,5.22094,0.200032,0.200032,4.8267,0.370192,0.370192,4.78868,0.373345,0.373345,5.22094,0.165999,0.165999,0,All,#4682B4,0
47,17,7.43817,0.580895,0.580895,6.76175,0.664601,0.664601,6.69713,0.671274,0.671274,7.43817,0.655158,0.655158,0,All,#4682B4,0
47,18,8.36956,0.681041,0.681041,7.56592,0.748874,0.748874,7.48939,0.756802,0.756802,8.36956,0.70039,0.70039,0,All,#4682B4,0
47,19,9.41765,0.555443,0.555443,8.4658,0.576946,0.576946,8.37542,0.583461,0.583461,9.41765,0.554148,0.554148,0,All,#4682B4,0
48,11,3.66351,0.46821,0.46821,3.80312,0.480022,0.480022,3.76875,0.484644,0.484644,3.66351,0.45223,0.45223,0,All,#4682B4,0
48,12,4.12295,1.16352,1.16352,4.29465,1.24094,1.24094,4.25233,1.25356,1.25356,4.12295,1.1584,1.1584,0,All,#4682B4,0
48,13,4.63991,0.453155,0.453155,4.84959,0.464412,0.464412,4.79785,0.46971,0.46971,4.63991,0.456264,0.456264,0,All,#4682B4,0
48,14,5.22094,1.23826,1.23826,5.47547,1.17655,1.17655,5.41257,1.19054,1.19054,5.22094,1.21769,1.21769,0,All,#4682B4,0
48,17,7.43817,1.19569,1.19569,7.88078,1.20649,1.20649,7.77099,1.22392,1.22392,7.43817,1.22056,1.22056,0,All,#4682B4,0
48,18,8.36956,1.25714,1.25714,8.89781,1.25295,1.25295,8.76661,1.2721,1.2721,8.36956,1.24937,1.24937,0,All,#4682B4,0
48,19,9.41765,1.22245,1.22245,10.0461,1.19516,1.19516,9.8898,1.21448,1.21448,9.41765,1.13438,1.13438,0,All,#4682B4,0
49,11,3.66351,0.0742707,0.0742707,3.59168,0.128914,0.128914,3.59514,0.128764,0.128764,3.66351,0.126986,0.126986,0,All,#4682B4,0
49,12,4.12295,0.457012,0.457012,4.03484,0.469351,0.469351,4.03908,0.46883,0.46883,4.12295,0.500922,0.500922,0,All,#4682B4,0
49,13,4.63991,0.634789,0.634789,4.53257,0.61741,0.61741,4.53773,0.616677,0.616677,4.63991,0.655188,0.655188,0,All,#4682B4,0
49,14,5.22094,0.797181,0.797181,5.09099,0.80748,0.80748,5.09723,0.806459,0.806459,5.22094,0.809768,0.809768,0,All,#4682B4,0
49,17,7.43817,0.78799,0.78799,7.21396,0.828423,0.828423,7.2247,0.827152,0.827152,7.43817,0.849996,0.849996,0,All,#4682B4,0
49,18,8.36956,0.99325,0.99325,8.10267,1.01857,1.01857,8.11545,1.01693,1.01693,8.36956,1.05195,1.05195,0,All,#4682B4,0
49,19,9.41765,1.37395,1.37395,9.10097,1.38903,1.38903,9.11611,1.38668,1.38668,9.41765,1.33892,1.33892,0,All,#4682B4,0
50,11,3.66351,0.905102,0.905102,3.77332,0.918814,0.918814,3.75366,0.923766,0.923766,3.66351,0.850116,0.850116,0,All,#4682B4,0
50,12,4.12295,0.640208,0.640208,4.25795,0.618654,0.618654,4.23376,0.622343,0.622343,4.12295,0.636616,0.636616,0,All,#4682B4,0
50,13,4.63991,1.01253,1.01253,4.80472,0.943729,0.943729,4.77515,0.949739,0.949739,4.63991,1.0623,1.0623,0,All,#4682B4,0
50,14,5.22094,0.787464,0.787464,5.42092,0.761754,0.761754,5.385,0.767014,0.767014,5.22094,0.812248,0.812248,0,All,#4682B4,0
50,17,7.43817,1.11518,1.11518,7.78555,1.13933,1.13933,7.72295,1.14878,1.14878,7.43817,1.104,1.104,0,All,#4682B4,0
50,18,8.36956,1.17043,1.17043,8.784,1.09053,1.09053,8.70924,1.10012,1.10012,8.36956,1.10801,1.10801,0,All,#4682B4,0
50,19,9.41765,1.50706,1.50706,9.91051,1.52538,1.52538,9.8215,1.53944,1.53944,9.41765,1.57488,1.57488,0,All,#4682B4,0
51,12,4.12224,0.748714,0.748714,4.11978,0.716666,0.716666,4.03764,0.731793,0.731793,4.12224,0.701782,0.701782,0,All,#4682B4,0
51,14,5.2209,0.512544,0.512544,5.21726,0.524989,0.524989,5.0961,0.53811,0.53811,5.2209,0.536297,0.536297,0,All,#4682B4,0
51,16,6.6103,0.896807,0.896807,6.60504,0.953771,0.953771,6.43002,0.980462,0.980462,6.6103,0.833012,0.833012,0,All,#4682B4,0
51,19,9.41756,0.651763,0.651763,9.40866,0.674466,0.674466,9.11335,0.697191,0.697191,9.41756,0.65813,0.65813,0,All,#4682B4,0
51,21,11.9237,1.06368,1.06368,11.9112,1.28128,1.28128,11.4987,1.32821,1.32821,11.9237,1.13066,1.13066,0,All,#4682B4,0
51,23,15.0968,0.955227,0.955227,15.0795,0.967356,0.967356,14.5085,1.00648,1.00648,15.0968,0.908696,0.908696,0,All,#4682B4,0
51,26,21.508,1.05573,1.05573,21.4802,1.11274,1.11274,20.5631,1.16356,1.16356,21.508,1.15633,1.15633,0,All,#4682B4,0
51,28,27.2324,0.774243,0.774243,27.1945,0.929341,0.929341,25.946,0.975351,0.975351,27.2324,0.856038,0.856038,0,All,#4682B4,0
51,30,34.4792,0.857565,0.857565,34.4278,0.991459,0.991459,32.7371,1.04405,1.04405,34.4792,0.965398,0.965398,0,All,#4682B4,0
51,33,49.1216,0.578532,0.578532,49.041,0.754124,0.754124,46.3985,0.798603,0.798603,49.1216,0.752645,0.752645,0,All,#4682B4,0
51,34,55.2733,0.615615,0.615615,55.1798,0.729433,0.729433,52.1192,0.773846,0.773846,55.2733,0.667801,0.667801,0,All,#4682B4,0
52,12,4.12224,0.909353,0.909353,4.34054,0.867332,0.867332,4.26136,0.883947,0.883947,4.12224,0.925982,0.925982,0,All,#4682B4,0
52,14,5.2209,0.759058,0.759058,5.54486,0.682195,0.682195,5.42703,0.697589,0.697589,5.2209,0.740002,0.740002,0,All,#4682B4,0
52,16,6.6103,1.16995,1.16995,7.08111,1.07789,1.07789,6.90941,1.10535,1.10535,6.6103,1.11999,1.11999,0,All,#4682B4,0
52,19,9.41756,1.09395,1.09395,10.2193,1.05177,1.05177,9.92572,1.08368,1.08368,9.41756,1.17993,1.17993,0,All,#4682B4,0
52,21,11.9237,1.11675,1.11675,13.0505,0.996269,0.996269,12.6368,1.02977,1.02977,11.9237,1.10678,1.10678,0,All,#4682B4,0
52,23,15.0968,1.18812,1.18812,16.6661,1.13181,1.13181,16.0883,1.17342,1.17342,15.0968,1.19079,1.19079,0,All,#4682B4,0
52,26,21.508,1.1276,1.1276,24.0521,1.04771,1.04771,23.1116,1.09144,1.09144,21.508,1.19959,1.19959,0,All,#4682B4,0
52,28,27.2324,1.20952,1.20952,30.7164,1.13474,1.13474,29.4251,1.18572,1.18572,27.2324,1.26949,1.26949,0,All,#4682B4,0
52,30,34.4792,1.1521,1.1521,39.2269,1.05791,1.05791,37.4624,1.109,1.109,34.4792,1.24442,1.24442,0,All,#4682B4,0
52,33,49.1216,0.964996,0.964996,56.6111,0.962244,0.962244,53.8164,1.01361,1.01361,49.1216,1.11598,1.11598,0,All,#4682B4,0
52,34,55.2733,0.848408,0.848408,63.9734,0.78517,0.78517,60.7225,0.828644,0.828644,55.2733,0.895086,0.895086,0,All,#4682B4,0
53,12,4.12224,1.25616,1.25616,4.75525,1.06597,1.06597,4.66808,1.08637,1.08637,4.12224,1.26305,1.26305,0,All,#4682B4,0
53,14,5.2209,1.9477,1.9477,6.1677,1.74525,1.74525,6.036,1.78391,1.78391,5.2209,2.02663,2.02663,0,All,#4682B4,0
53,16,6.6103,1.6916,1.6916,7.99726,1.4132,1.4132,7.80239,1.44917,1.44917,6.6103,1.76121,1.76121,0,All,#4682B4,0
53,19,9.41756,1.65079,1.65079,11.8078,1.5268,1.5268,11.4669,1.57298,1.57298,9.41756,1.71372,1.71372,0,All,#4682B4,0
53,21,11.9237,1.65871,1.65871,15.31,1.4003,1.4003,14.8223,1.44727,1.44727,11.9237,1.49119,1.49119,0,All,#4682B4,0
53,23,15.0968,1.60462,1.60462,19.8513,1.22852,1.22852,19.1596,1.27384,1.27384,15.0968,1.71989,1.71989,0,All,#4682B4,0
53,26,21.508,1.37026,1.37026,29.3101,1.08317,1.08317,28.1583,1.12857,1.12857,21.508,1.412,1.412,0,All,#4682B4,0
53,28,27.2324,1.12425,1.12425,38.004,0.953845,0.953845,36.3983,0.997108,0.997108,27.2324,1.14593,1.14593,0,All,#4682B4,0
53,30,34.4792,1.1585,1.1585,49.2771,0.85492,0.85492,47.0501,0.896656,0.896656,34.4792,1.14612,1.14612,0,All,#4682B4,0
53,33,49.1216,0.910508,0.910508,72.7555,0.716633,0.716633,69.1467,0.755436,0.755436,49.1216,1.00524,1.00524,0,All,#4682B4,0
53,34,55.2733,0.869532,0.869532,82.8475,0.689021,0.689021,78.6163,0.727551,0.727551,55.2733,1.09395,1.09395,0,All,#4682B4,0
54,12,4.12224,1.44792,1.44792,4.7341,1.26014,1.26014,4.71355,1.26575,1.26575,4.12224,1.47471,1.47471,0,All,#4682B4,0
54,14,5.2209,1.68977,1.68977,6.1357,1.39995,1.39995,6.10465,1.4072,1.4072,5.2209,1.71289,1.71289,0,All,#4682B4,0
54,16,6.6103,1.73645,1.73645,7.94985,1.58411,1.58411,7.90389,1.59348,1.59348,6.6103,1.70643,1.70643,0,All,#4682B4,0
54,19,9.41756,1.91582,1.91582,11.7247,1.5731,1.5731,11.6442,1.58415,1.58415,9.41756,1.74567,1.74567,0,All,#4682B4,0
54,21,11.9237,1.89486,1.89486,15.191,1.58852,1.58852,15.0759,1.60085,1.60085,11.9237,1.73053,1.73053,0,All,#4682B4,0
54,23,15.0968,1.65005,1.65005,19.6823,1.30562,1.30562,19.519,1.31677,1.31677,15.0968,1.66691,1.66691,0,All,#4682B4,0
54,26,21.508,1.12766,1.12766,29.0283,0.960427,0.960427,28.756,0.969774,0.969774,21.508,1.28311,1.28311,0,All,#4682B4,0
54,28,27.2324,1.4916,1.4916,37.6106,1.08551,1.08551,37.2309,1.09685,1.09685,27.2324,1.5641,1.5641,0,All,#4682B4,0
54,30,34.4792,0.933167,0.933167,48.7309,0.796666,0.796666,48.2041,0.805666,0.805666,34.4792,1.00889,1.00889,0,All,#4682B4,0
54,33,49.1216,1.03114,1.03114,71.8689,0.757629,0.757629,71.0146,0.767066,0.767066,49.1216,1.17737,1.17737,0,All,#4682B4,0
54,34,55.2733,0.971052,0.971052,81.8074,0.809667,0.809667,80.8056,0.820038,0.820038,55.2733,1.11856,1.11856,0,All,#4682B4,0
55,12,4.12224,0.723271,0.723271,3.71138,0.841112,0.841112,3.66576,0.851915,0.851915,4.12224,0.752932,0.752932,0,All,#4682B4,0
55,14,5.2209,0.768702,0.768702,4.61895,0.785538,0.785538,4.55276,0.797349,0.797349,5.2209,0.796734,0.796734,0,All,#4682B4,0
55,16,6.6103,0.753571,0.753571,5.74677,0.875367,0.875367,5.65276,0.890371,0.890371,6.6103,0.747553,0.747553,0,All,#4682B4,0
55,19,9.41756,0.180921,0.180921,7.97521,0.308205,0.308205,7.82053,0.314832,0.314832,9.41756,0.204084,0.204084,0,All,#4682B4,0
55,21,11.9237,0.527398,0.527398,9.9224,0.689512,0.689512,9.70992,0.705188,0.705188,11.9237,0.575684,0.575684,0,All,#4682B4,0
55,23,15.0968,0.508671,0.508671,12.345,0.613576,0.613576,12.0557,0.628942,0.628942,15.0968,0.565537,0.565537,0,All,#4682B4,0
55,26,21.508,0.540827,0.540827,17.132,0.68942,0.68942,16.6789,0.708879,0.708879,21.508,0.554789,0.554789,0,All,#4682B4,0
55,28,27.2324,0.559391,0.559391,21.3148,0.738685,0.738685,20.7083,0.761106,0.761106,27.2324,0.613039,0.613039,0,All,#4682B4,0
55,30,34.4792,0.552335,0.552335,26.5193,0.72517,0.72517,25.7118,0.748788,0.748788,34.4792,0.585157,0.585157,0,All,#4682B4,0
55,33,49.1216,0.426863,0.426863,36.8026,0.669024,0.669024,35.5718,0.693102,0.693102,49.1216,0.536388,0.536388,0,All,#4682B4,0
55,34,55.2733,0.535689,0.535689,41.0498,0.784802,0.784802,39.6359,0.813756,0.813756,55.2733,0.588965,0.588965,0,All,#4682B4,0
56,12,4.12224,1.17205,1.17205,4.42262,1.08283,1.08283,4.44328,1.07767,1.07767,4.12224,1.17642,1.17642,0,All,#4682B4,0
56,14,5.2209,0.941134,0.941134,5.66738,0.891351,0.891351,5.69826,0.886374,0.886374,5.2209,0.965292,0.965292,0,All,#4682B4,0
56,16,6.6103,1.43255,1.43255,7.26022,1.42943,1.42943,7.30545,1.42042,1.42042,6.6103,1.47291,1.47291,0,All,#4682B4,0
56,19,9.41756,1.44535,1.44535,10.527,1.36522,1.36522,10.6049,1.35499,1.35499,9.41756,1.41936,1.41936,0,All,#4682B4,0
56,21,11.9237,1.48451,1.48451,13.4854,1.35099,1.35099,13.5958,1.3398,1.3398,11.9237,1.50601,1.50601,0,All,#4682B4,0
56,23,15.0968,1.41658,1.41658,17.2754,1.41899,1.41899,17.4303,1.40614,1.40614,15.0968,1.46981,1.46981,0,All,#4682B4,0
56,26,21.508,1.23986,1.23986,25.0484,1.11383,1.11383,25.3025,1.10238,1.10238,21.508,1.28828,1.28828,0,All,#4682B4,0
56,28,27.2324,1.27267,1.27267,32.0886,1.11922,1.11922,32.4393,1.10684,1.10684,27.2324,1.39584,1.39584,0,All,#4682B4,0
56,30,34.4792,1.1032,1.1032,41.1078,0.980844,0.980844,41.5893,0.969178,0.969178,34.4792,1.19378,1.19378,0,All,#4682B4,0
56,33,49.1216,0.934601,0.934601,59.6038,0.837975,0.837975,60.3721,0.826968,0.826968,49.1216,0.959702,0.959702,0,All,#4682B4,0
56,34,55.2733,0.656629,0.656629,67.4605,0.703651,0.703651,68.3567,0.694074,0.694074,55.2733,0.736712,0.736712,0,All,#4682B4,0
57,12,4.12224,0.969359,0.969359,4.20774,0.900344,0.900344,4.18477,0.905432,0.905432,4.12224,0.993453,0.993453,0,All,#4682B4,0
57,14,5.2209,0.814904,0.814904,5.34744,0.786746,0.786746,5.3134,0.791958,0.791958,5.2209,0.810917,0.810917,0,All,#4682B4,0
57,16,6.6103,0.557836,0.557836,6.79372,0.655788,0.655788,6.74432,0.660788,0.660788,6.6103,0.504618,0.504618,0,All,#4682B4,0
57,19,9.41756,0.548676,0.548676,9.72868,0.65646,0.65646,9.64473,0.662408,0.662408,9.41756,0.559395,0.559395,0,All,#4682B4,0
57,21,11.9237,1.26696,1.26696,12.3598,1.30203,1.30203,12.242,1.31482,1.31482,11.9237,1.33005,1.33005,0,All,#4682B4,0
57,23,15.0968,1.14147,1.14147,15.7025,1.14009,1.14009,15.5387,1.15239,1.15239,15.0968,1.17608,1.17608,0,All,#4682B4,0
57,26,21.508,1.05511,1.05511,22.4861,1.22395,1.22395,22.2211,1.23887,1.23887,21.508,1.12742,1.12742,0,All,#4682B4,0
57,28,27.2324,0.943934,0.943934,28.5684,1.1716,1.1716,28.2059,1.187,1.187,27.2324,1.07822,1.07822,0,All,#4682B4,0
57,30,34.4792,1.0291,1.0291,36.2949,1.10325,1.10325,35.8016,1.11882,1.11882,34.4792,1.16653,1.16653,0,All,#4682B4,0
57,33,49.1216,0.815923,0.815923,51.9744,0.85737,0.85737,51.1979,0.870781,0.870781,49.1216,0.899786,0.899786,0,All,#4682B4,0
57,34,55.2733,0.684574,0.684574,58.5828,0.740146,0.740146,57.6815,0.752131,0.752131,55.2733,0.822211,0.822211,0,All,#4682B4,0
58,12,4.12224,0.807062,0.807062,4.49225,0.801748,0.801748,4.46796,0.806253,0.806253,4.12224,0.854505,0.854505,0,All,#4682B4,0
58,14,5.2209,1.01861,1.01861,5.7716,0.953377,0.953377,5.73521,0.959598,0.959598,5.2209,1.0435,1.0435,0,All,#4682B4,0
58,16,6.6103,1.3344,1.3344,7.41302,1.22312,1.22312,7.35961,1.23219,1.23219,6.6103,1.38082,1.38082,0,All,#4682B4,0
58,19,9.41756,1.07149,1.07149,10.7906,1.02392,1.02392,10.6983,1.03298,1.03298,9.41756,1.07129,1.07129,0,All,#4682B4,0
58,21,11.9237,1.65624,1.65624,13.8591,1.51387,1.51387,13.7282,1.52856,1.52856,11.9237,1.74756,1.74756,0,All,#4682B4,0
58,23,15.0968,1.32879,1.32879,17.8004,1.14196,1.14196,17.6163,1.15417,1.15417,15.0968,1.36741,1.36741,0,All,#4682B4,0
58,26,21.508,1.37703,1.37703,25.9107,1.17105,1.17105,25.6081,1.1852,1.1852,21.508,1.34731,1.34731,0,All,#4682B4,0
58,28,27.2324,1.53637,1.53637,33.2796,1.33111,1.33111,32.8612,1.3484,1.3484,27.2324,1.61964,1.61964,0,All,#4682B4,0
58,30,34.4792,1.29778,1.29778,42.7447,1.14646,1.14646,42.1692,1.16247,1.16247,34.4792,1.36357,1.36357,0,All,#4682B4,0
58,33,49.1216,0.963951,0.963951,62.2195,0.912527,0.912527,61.2987,0.926637,0.926637,49.1216,1.10025,1.10025,0,All,#4682B4,0
58,34,55.2733,0.560225,0.560225,70.5131,0.561328,0.561328,69.438,0.570435,0.570435,55.2733,0.669989,0.669989,0,All,#4682B4,0
59,12,4.12224,0.927762,0.927762,4.43519,0.855528,0.855528,4.39432,0.863735,0.863735,4.12224,0.950873,0.950873,0,All,#4682B4,0
59,14,5.2209,0.810637,0.810637,5.68617,0.777457,0.777457,5.62509,0.786191,0.786191,5.2209,0.808814,0.808814,0,All,#4682B4,0
59,16,6.6103,1.33974,1.33974,7.28774,1.28104,1.28104,7.19834,1.29728,1.29728,6.6103,1.27712,1.27712,0,All,#4682B4,0
59,19,9.41756,1.62054,1.62054,10.5744,1.3865,1.3865,10.4205,1.40737,1.40737,9.41756,1.69744,1.69744,0,All,#4682B4,0
59,21,11.9237,1.25668,1.25668,13.5526,1.17915,1.17915,13.3348,1.19885,1.19885,11.9237,1.27644,1.27644,0,All,#4682B4,0
59,23,15.0968,1.21012,1.21012,17.3696,1.17375,1.17375,17.0641,1.19524,1.19524,15.0968,1.21817,1.21817,0,All,#4682B4,0
59,26,21.508,0.997589,0.997589,25.2029,0.939,0.939,24.7024,0.958568,0.958568,21.508,1.0204,1.0204,0,All,#4682B4,0
59,28,27.2324,1.02756,1.02756,32.3018,1.00205,1.00205,31.6116,1.02451,1.02451,27.2324,1.12692,1.12692,0,All,#4682B4,0
59,30,34.4792,1.23703,1.23703,41.4004,1.10256,1.10256,40.4533,1.129,1.129,34.4792,1.22579,1.22579,0,All,#4682B4,0
59,33,49.1216,1.08766,1.08766,60.0707,0.962831,0.962831,58.5609,0.988347,0.988347,49.1216,1.14101,1.14101,0,All,#4682B4,0
59,34,55.2733,0.957003,0.957003,68.005,0.930878,0.930878,66.2446,0.956329,0.956329,55.2733,1.14377,1.14377,0,All,#4682B4,0
60,13,4.63851,0.816653,0.816653,4.75986,0.850065,0.850065,4.75677,0.850633,0.850633,4.63851,0.827797,0.827797,0,All,#4682B4,0
60,15,5.87476,1.29856,1.29856,6.05245,1.29898,1.29898,6.04792,1.29997,1.29997,5.87476,1.24009,1.24009,0,All,#4682B4,0
60,18,8.36963,1.24419,1.24419,8.67431,1.29612,1.29612,8.66653,1.2973,1.2973,8.36963,1.19223,1.19223,0,All,#4682B4,0
60,20,10.597,1.42165,1.42165,11.0265,1.47622,1.47622,11.0155,1.47772,1.47772,10.597,1.48927,1.48927,0,All,#4682B4,0
60,22,13.417,1.35494,1.35494,14.0164,1.4059,1.4059,14.001,1.40747,1.40747,13.417,1.40136,1.40136,0,All,#4682B4,0
60,25,19.1147,0.761126,0.761126,20.088,0.939294,0.939294,20.0629,0.9405,0.9405,19.1147,0.857696,0.857696,0,All,#4682B4,0
60,27,24.2017,0.754753,0.754753,25.5351,0.842886,0.842886,25.5007,0.844059,0.844059,24.2017,0.857561,0.857561,0,All,#4682B4,0
60,29,30.6429,0.902417,0.902417,32.46,0.900529,0.900529,32.4131,0.901871,0.901871,30.6429,1.03701,1.03701,0,All,#4682B4,0
60,32,43.6562,0.736487,0.736487,46.5212,0.716273,0.716273,46.447,0.71746,0.71746,43.6562,0.793351,0.793351,0,All,#4682B4,0
60,34,55.2735,0.660872,0.660872,59.1359,0.652953,0.652953,59.0357,0.654107,0.654107,55.2735,0.773479,0.773479,0,All,#4682B4,0
61,13,4.63851,0.992878,0.992878,4.73354,1.07497,1.07497,4.66976,1.09002,1.09002,4.63851,1.05096,1.05096,0,All,#4682B4,0
61,15,5.87476,1.12932,1.12932,6.01386,1.22542,1.22542,5.92045,1.24518,1.24518,5.87476,1.16327,1.16327,0,All,#4682B4,0
61,18,8.36963,1.16306,1.16306,8.60798,1.20458,1.20458,8.44781,1.22793,1.22793,8.36963,1.17235,1.17235,0,All,#4682B4,0
61,20,10.597,1.0332,1.0332,10.9329,1.18308,1.18308,10.707,1.20859,1.20859,10.597,1.08934,1.08934,0,All,#4682B4,0
61,22,13.417,1.04782,1.04782,13.8855,1.09028,1.09028,13.5703,1.11623,1.11623,13.417,1.07443,1.07443,0,All,#4682B4,0
61,25,19.1147,1.01104,1.01104,19.8749,1.10089,1.10089,19.3631,1.13069,1.13069,19.1147,1.08237,1.08237,0,All,#4682B4,0
61,27,24.2017,0.91548,0.91548,25.2428,0.989732,0.989732,24.5415,1.01878,1.01878,24.2017,0.92899,0.92899,0,All,#4682B4,0
61,29,30.6429,0.87858,0.87858,32.0611,0.881067,0.881067,31.1054,0.908963,0.908963,30.6429,0.999355,0.999355,0,All,#4682B4,0
61,32,43.6562,0.616736,0.616736,45.8907,0.703852,0.703852,44.3837,0.728663,0.728663,43.6562,0.680501,0.680501,0,All,#4682B4,0
61,34,55.2735,0.533734,0.533734,58.2846,0.541981,0.541981,56.2528,0.562527,0.562527,55.2735,0.598796,0.598796,0,All,#4682B4,0
62,13,4.63851,0.795963,0.795963,4.35179,0.914002,0.914002,4.41808,0.899885,0.899885,4.63851,0.899257,0.899257,0,All,#4682B4,0
62,15,5.87476,0.956721,0.956721,5.45777,1.06284,1.06284,5.55381,1.04399,1.04399,5.87476,0.994842,0.994842,0,All,#4682B4,0
62,18,8.36963,0.942536,0.942536,7.66197,1.01586,1.01586,7.82404,0.99426,0.99426,8.36963,0.920975,0.920975,0,All,#4682B4,0
62,20,10.597,1.05943,1.05943,9.60623,1.27662,1.27662,9.83226,1.24666,1.24666,10.597,1.05773,1.05773,0,All,#4682B4,0
62,22,13.417,0.888713,0.888713,12.0438,1.03626,1.03626,12.3559,1.00941,1.00941,13.417,0.879917,0.879917,0,All,#4682B4,0
62,25,19.1147,0.735279,0.735279,16.9075,0.943049,0.943049,17.4062,0.915258,0.915258,19.1147,0.795391,0.795391,0,All,#4682B4,0
62,27,24.2017,0.808808,0.808808,21.1983,0.896102,0.896102,21.8744,0.867576,0.867576,24.2017,0.807168,0.807168,0,All,#4682B4,0
62,29,30.6429,0.698853,0.698853,26.5775,0.80436,0.80436,27.4892,0.776795,0.776795,30.6429,0.700165,0.700165,0,All,#4682B4,0
62,32,43.6562,0.588616,0.588616,37.311,0.780167,0.780167,38.7256,0.750687,0.750687,43.6562,0.674247,0.674247,0,All,#4682B4,0
62,34,55.2735,0.484299,0.484299,46.7785,0.666925,0.666925,48.665,0.64003,0.64003,55.2735,0.532564,0.532564,0,All,#4682B4,0
63,13,4.63851,0.449683,0.449683,4.4254,0.566152,0.566152,4.39089,0.570812,0.570812,4.63851,0.428363,0.428363,0,All,#4682B4,0
63,15,5.87476,0.665086,0.665086,5.56443,0.631977,0.631977,5.51439,0.637955,0.637955,5.87476,0.691337,0.691337,0,All,#4682B4,0
63,18,8.36963,0.896327,0.896327,7.84199,0.931684,0.931684,7.75745,0.942129,0.942129,8.36963,0.892951,0.892951,0,All,#4682B4,0
63,20,10.597,0.931253,0.931253,9.85733,1.12295,1.12295,9.73934,1.13688,1.13688,10.597,0.928893,0.928893,0,All,#4682B4,0
63,22,13.417,1.02273,1.02273,12.3906,1.07968,1.07968,12.2275,1.09444,1.09444,13.417,1.13074,1.13074,0,All,#4682B4,0
63,25,19.1147,1.05316,1.05316,17.4617,1.15409,1.15409,17.2008,1.17201,1.17201,19.1147,1.10262,1.10262,0,All,#4682B4,0
63,27,24.2017,0.621525,0.621525,21.9497,0.736331,0.736331,21.5958,0.748839,0.748839,24.2017,0.708509,0.708509,0,All,#4682B4,0
63,29,30.6429,0.66562,0.66562,27.5909,0.811132,0.811132,27.1132,0.825895,0.825895,30.6429,0.658263,0.658263,0,All,#4682B4,0
63,32,43.6562,0.660436,0.660436,38.8837,0.752729,0.752729,38.1416,0.767897,0.767897,43.6562,0.680437,0.680437,0,All,#4682B4,0
63,34,55.2735,0.538083,0.538083,48.8761,0.690828,0.690828,47.8857,0.705672,0.705672,55.2735,0.639672,0.639672,0,All,#4682B4,0
64,13,4.63851,0.419497,0.419497,4.60537,0.44275,0.44275,4.54291,0.449207,0.449207,4.63851,0.440867,0.440867,0,All,#4682B4,0
64,15,5.87476,0.846306,0.846306,5.82637,0.858523,0.858523,5.73527,0.872586,0.872586,5.87476,0.877224,0.877224,0,All,#4682B4,0
64,18,8.36963,0.938115,0.938115,8.28698,0.957485,0.957485,8.13176,0.976274,0.976274,8.36963,1.0243,1.0243,0,All,#4682B4,0
64,20,10.597,0.77729,0.77729,10.4808,1.04816,1.04816,10.2629,1.07099,1.07099,10.597,0.877468,0.877468,0,All,#4682B4,0
64,22,13.417,1.25242,1.25242,13.2552,1.27556,1.27556,12.9524,1.30601,1.30601,13.417,1.25629,1.25629,0,All,#4682B4,0
64,25,19.1147,1.0415,1.0415,18.853,1.07358,1.07358,18.3643,1.10287,1.10287,19.1147,1.1128,1.1128,0,All,#4682B4,0
64,27,24.2017,0.767087,0.767087,23.8441,0.936645,0.936645,23.1773,0.964362,0.964362,24.2017,0.85746,0.85746,0,All,#4682B4,0
64,29,30.6429,0.78801,0.78801,30.1568,0.870683,0.870683,29.2519,0.898448,0.898448,30.6429,0.797609,0.797609,0,All,#4682B4,0
64,32,43.6562,0.691976,0.691976,42.8926,0.813389,0.813389,41.4747,0.842115,0.842115,43.6562,0.841797,0.841797,0,All,#4682B4,0
64,34,55.2735,0.491731,0.491731,54.2469,0.719928,0.719928,52.3435,0.747084,0.747084,55.2735,0.660328,0.660328,0,All,#4682B4,0
65,13,4.63851,0.230155,0.230155,4.72691,0.268698,0.268698,4.64305,0.274036,0.274036,4.63851,0.203548,0.203548,0,All,#4682B4,0
65,15,5.87476,0.46619,0.46619,6.00414,0.459679,0.459679,5.8814,0.469832,0.469832,5.87476,0.492785,0.492785,0,All,#4682B4,0
65,18,8.36963,0.607131,0.607131,8.59129,0.605054,0.605054,8.381,0.62091,0.62091,8.36963,0.63015,0.63015,0,All,#4682B4,0
65,20,10.597,0.62818,0.62818,10.9093,0.621493,0.621493,10.613,0.639595,0.639595,10.597,0.622009,0.622009,0,All,#4682B4,0
65,22,13.417,1.0582,1.0582,13.8526,1.11092,1.11092,13.4393,1.14591,1.14591,13.417,1.06261,1.06261,0,All,#4682B4,0
65,25,19.1147,1.38041,1.38041,19.8214,1.41071,1.41071,19.1507,1.46106,1.46106,19.1147,1.49763,1.49763,0,All,#4682B4,0
65,27,24.2017,0.898146,0.898146,25.1694,1.05771,1.05771,24.251,1.09878,1.09878,24.2017,0.962008,0.962008,0,All,#4682B4,0
65,29,30.6429,0.756207,0.756207,31.961,0.848051,0.848051,30.71,0.883692,0.883692,30.6429,0.820028,0.820028,0,All,#4682B4,0
65,32,43.6562,1.00272,1.00272,45.7327,1.08994,1.08994,43.7616,1.14025,1.14025,43.6562,1.10354,1.10354,0,All,#4682B4,0
65,34,55.2735,0.806263,0.806263,58.0714,0.914888,0.914888,55.4153,0.960025,0.960025,55.2735,0.892029,0.892029,0,All,#4682B4,0
