id,time,Observation,popPred_medianCOV,popPred,indivPred_SAEM,indivPred_mode,indWRes_SAEM,indWRes_mode
1,22,608.46,13.4131,13.4131,13.5211,13.1626,1.18185,1.21477
1,24,650.475,16.9879,16.9879,17.1373,16.6422,0.992652,1.02298
1,27,844.74,24.2023,24.2023,24.4418,23.6489,0.901451,0.932575
1,28,964.8,27.233,27.233,27.5126,26.5875,0.915049,0.947821
1,32,1107.07,43.656,43.656,44.1686,42.4755,0.646374,0.673209
2,22,536.14,13.4131,13.4131,16.0718,15.3582,0.869158,0.910791
2,24,1008,16.9879,16.9879,20.6927,19.6924,1.28156,1.34802
2,27,1391.59,24.2023,24.2023,30.2164,28.5782,1.21015,1.28105
2,28,1743.75,27.233,27.233,34.2811,32.3557,1.3394,1.4207
2,32,1802.49,43.656,43.656,56.7913,53.1609,0.825642,0.88386
3,22,525.73,13.4131,13.4131,13.481,13.4827,1.02061,1.02049
3,24,662.7,16.9879,16.9879,17.0818,17.0841,1.01518,1.01504
3,27,1193.24,24.2023,24.2023,24.3529,24.3565,1.28922,1.28902
3,28,1015.14,27.233,27.233,27.4088,27.4131,0.967945,0.96779
3,32,1096.66,43.656,43.656,43.9781,43.986,0.642933,0.642813
4,22,492.63,13.4131,13.4131,13.1512,13.1331,0.979283,0.980666
4,24,665,16.9879,16.9879,16.6264,16.6015,1.04744,1.04906
4,27,865.15,24.2023,24.2023,23.6237,23.5839,0.956806,0.958466
4,28,1080,27.233,27.233,26.5581,26.5117,1.06541,1.06732
4,32,1134.68,43.656,43.656,42.4218,42.3371,0.691575,0.693012
5,22,489.28,13.4131,13.4131,12.9496,12.5502,0.987994,1.02029
5,24,597.861,16.9879,16.9879,16.3486,15.7992,0.955392,0.989547
5,27,761.359,24.2023,24.2023,23.1801,22.3058,0.85536,0.889942
5,28,816.75,27.233,27.233,26.0412,25.0232,0.815566,0.849838
5,32,847,43.656,43.656,41.4794,39.6316,0.521612,0.547185
6,22,468.29,13.4131,13.4131,12.8416,12.7895,0.952627,0.956617
6,24,597.861,16.9879,16.9879,16.1999,16.1282,0.964408,0.968815
6,27,733.163,24.2023,24.2023,22.9431,22.8289,0.831465,0.835759
6,28,928.464,27.233,27.233,25.7651,25.6321,0.941055,0.946077
6,32,1248.08,43.656,43.656,40.9772,40.7356,0.791232,0.796084
7,22,460.2,13.4131,13.4131,13.2395,12.6719,0.906775,0.948601
7,24,671.058,16.9879,16.9879,16.7483,15.9664,1.04934,1.10204
7,27,760.725,24.2023,24.2023,23.8186,22.5714,0.830997,0.878397
7,28,816.48,27.233,27.233,26.7854,25.3324,0.791888,0.838852
7,32,989.597,43.656,43.656,42.837,40.1916,0.593642,0.634482
8,22,429.13,13.4131,13.4131,11.2771,11.5681,0.995245,0.969532
8,24,583.176,16.9879,16.9879,14.0591,14.4554,1.0873,1.05675
8,27,644.516,24.2023,24.2023,19.5617,20.1831,0.858113,0.830869
8,28,714.07,27.233,27.233,21.8384,22.5581,0.851402,0.823379
8,32,848.318,43.656,43.656,33.9215,35.2022,0.644859,0.620421
8,34,1039.68,55.2734,55.2734,42.2765,43.9744,0.633687,0.608184
8,36,1288.41,69.9834,69.9834,52.691,54.9342,0.629921,0.603101
9,22,427.88,13.4131,13.4131,11.7509,11.504,0.951178,0.972163
9,24,617.463,16.9879,16.9879,14.7047,14.368,1.10101,1.12743
9,27,588.062,24.2023,24.2023,20.5751,20.046,0.740829,0.761092
9,28,716.107,27.233,27.233,23.0127,22.3992,0.808963,0.831853
9,32,921.984,43.656,43.656,36.014,34.9189,0.660772,0.682335
9,34,914.837,55.2734,55.2734,45.0526,43.5985,0.518556,0.536746
9,36,1072.17,69.9834,69.9834,56.3614,54.4372,0.484098,0.502159
10,22,387.77,13.4131,13.4131,12.0947,11.7027,0.834295,0.86314
10,24,631.75,16.9879,16.9879,15.1748,14.639,1.09136,1.13228
10,27,668.039,24.2023,24.2023,21.3165,20.4717,0.814903,0.849637
10,28,720,27.233,27.233,23.8732,22.8928,0.783215,0.817906
10,32,1038.16,43.656,43.656,37.557,35.7997,0.715608,0.752055
10,34,1137.03,55.2734,55.2734,47.1063,44.7678,0.621472,0.655338
10,36,1224.5,69.9834,69.9834,59.0853,55.9843,0.529789,0.560622
11,22,380.96,13.4131,13.4131,11.3808,11.2224,0.872241,0.884933
11,24,527.589,16.9879,16.9879,14.2003,13.9848,0.971075,0.986454
11,27,530.16,24.2023,24.2023,19.7829,19.4454,0.692956,0.705446
11,28,655,27.233,27.233,22.0944,21.7037,0.769413,0.783747
11,32,871.2,43.656,43.656,34.3764,33.6826,0.653848,0.66787
11,34,1007.19,55.2734,55.2734,42.8792,41.9603,0.604052,0.617868
11,36,950.48,69.9834,69.9834,53.4866,52.2737,0.450451,0.461526
12,22,349.49,13.4131,13.4131,11.9286,11.7123,0.760092,0.774625
12,24,641.966,16.9879,16.9879,14.9475,14.6521,1.12671,1.14997
12,27,686.94,24.2023,24.2023,20.9577,20.4923,0.853536,0.873531
12,28,715,27.233,27.233,23.4567,22.9167,0.791875,0.811167
12,32,942.557,43.656,43.656,36.8091,35.8423,0.66093,0.679482
12,34,1259.13,55.2734,55.2734,46.1101,44.8244,0.7066,0.727637
12,36,1314.51,69.9834,69.9834,57.7632,56.0593,0.584388,0.602967
13,22,346.46,13.4131,13.4131,11.9596,11.755,0.751249,0.764794
13,24,658.282,16.9879,16.9879,14.9899,14.7103,1.15269,1.17511
13,27,639.032,24.2023,24.2023,21.0245,20.5839,0.789535,0.80701
13,28,775,27.233,27.233,23.5342,23.0229,0.857656,0.877299
13,32,1143.76,43.656,43.656,36.9481,36.0323,0.804608,0.825743
13,34,975.712,55.2734,55.2734,46.2952,45.0769,0.539235,0.554535
13,36,1384.21,69.9834,69.9834,58.0088,56.3936,0.614073,0.632429
14,22,310.65,13.4131,13.4131,11.651,11.7137,0.689305,0.68547
14,24,664.042,16.9879,16.9879,14.5684,14.6539,1.19744,1.19029
14,27,584.016,24.2023,24.2023,20.3606,20.4952,0.743576,0.738517
14,28,765.184,27.233,27.233,22.764,22.9201,0.876001,0.869853
14,32,1098.5,43.656,43.656,35.5695,35.8483,0.802658,0.796205
14,34,1212.03,55.2734,55.2734,44.4621,44.8325,0.705336,0.699286
14,36,1298.09,69.9834,69.9834,55.5795,56.0699,0.600465,0.594978
15,22,309.68,13.4131,13.4131,12.1971,12.0317,0.6551,0.664478
15,24,727.011,16.9879,16.9879,15.315,15.0885,1.24819,1.26733
15,27,671.058,24.2023,24.2023,21.5382,21.1802,0.810004,0.824149
15,28,870.732,27.233,27.233,24.1307,23.7149,0.942349,0.959343
15,32,1111.98,43.656,43.656,38.0204,37.2726,0.758709,0.774471
15,34,1368.9,55.2734,55.2734,47.724,46.7273,0.743579,0.760013
15,36,1368.9,69.9834,69.9834,59.9059,58.5821,0.586909,0.60078
16,7,96.25,2.28534,2.28534,2.50174,2.50073,1.00652,1.00694
16,10,184.96,3.25687,3.25687,3.70623,3.70409,1.31359,1.31436
16,11,181.48,3.6647,3.6647,4.22458,4.2219,1.12699,1.12772
16,13,338.69,4.64001,4.64001,5.4889,5.48478,1.63052,1.63176
16,15,372.29,5.87482,5.87482,7.13154,7.12538,1.37531,1.37653
16,17,578.81,7.43818,7.43818,9.26576,9.25668,1.65101,1.65266
16,19,767.05,9.41758,9.41758,12.039,12.0258,1.68448,1.68636
16,21,740.66,11.9239,11.9239,15.642,15.6231,1.24497,1.24651
16,24,838.24,16.9877,16.9877,23.1659,23.1338,0.945043,0.946389
16,27,1019.83,24.2018,24.2018,34.3084,34.255,0.771559,0.772803
17,7,36,2.28534,2.28534,2.4261,2.44692,0.371703,0.368312
17,10,135,3.25687,3.25687,3.5472,3.59076,0.995377,0.982976
17,11,204.77,3.6647,3.6647,4.02561,4.08002,1.33942,1.32119
17,13,220.5,4.64001,4.64001,5.18474,5.26765,1.11545,1.09747
17,15,329.6,5.87482,5.87482,6.67753,6.8009,1.29893,1.27488
17,17,388.08,7.43818,7.43818,8.60014,8.78043,1.18519,1.1603
17,19,650,9.41758,9.41758,11.0765,11.3364,1.54935,1.51322
17,21,700.09,11.9239,11.9239,14.2657,14.6361,1.29129,1.25793
17,24,1027,16.9877,16.9877,20.8514,21.4713,1.29607,1.25788
17,27,1468.82,24.2018,24.2018,30.4773,31.4985,1.26762,1.22565
18,7,120.79,2.28534,2.28534,2.75058,2.73109,1.15267,1.16109
18,10,184.32,3.25687,3.25687,4.24388,4.20098,1.13971,1.15163
18,11,213.16,3.6647,3.6647,4.90345,4.84895,1.14078,1.1539
18,13,480.13,4.64001,4.64001,6.54594,6.46004,1.94325,1.96945
18,15,522.45,5.87482,5.87482,8.73848,8.6063,1.57902,1.60368
18,17,716.63,7.43818,7.43818,11.6655,11.4657,1.62318,1.65193
18,19,1169.62,9.41758,9.41758,15.573,15.2752,1.99046,2.02979
18,21,1142,11.9239,11.9239,20.7895,20.3506,1.44859,1.48042
18,24,1335.1,16.9877,16.9877,32.0663,31.2937,1.09146,1.11907
18,27,1814.76,24.2018,24.2018,49.4605,48.1219,0.958657,0.986072
19,7,85,2.28534,2.28534,2.53094,2.52503,0.875211,0.87732
19,10,244.69,3.25687,3.25687,3.76817,3.75562,1.71731,1.72314
19,11,222.16,3.6647,3.6647,4.30231,4.28655,1.36011,1.36521
19,13,279.3,4.64001,4.64001,5.60845,5.58418,1.31076,1.31657
19,15,334.04,5.87482,5.87482,7.31107,7.27458,1.20036,1.20651
19,17,465.49,7.43818,7.43818,9.53054,9.47665,1.28503,1.29249
19,19,710,9.41758,9.41758,12.4242,12.3457,1.50809,1.51785
19,21,720,11.9239,11.9239,16.1961,16.0831,1.1672,1.17559
19,24,1266.13,16.9877,16.9877,24.106,23.9138,1.38391,1.39525
19,27,1526.26,24.2018,24.2018,35.8783,35.5567,1.11575,1.12609
20,7,67.76,2.28534,2.28534,2.61781,2.57477,0.668387,0.680008
20,10,144,3.25687,3.25687,3.95429,3.86174,0.951273,0.974714
20,11,248.29,3.6647,3.6647,4.53665,4.41998,1.44318,1.48198
20,13,336,4.64001,4.64001,5.97122,5.79017,1.48454,1.5318
20,15,441.45,5.87482,5.87482,7.85939,7.58507,1.48182,1.53638
20,17,533.23,7.43818,7.43818,10.3446,9.93635,1.35768,1.41456
20,19,948.71,9.41758,9.41758,13.6159,13.0168,1.84464,1.93078
20,21,826.88,11.9239,11.9239,17.9219,17.0523,1.2124,1.27559
20,24,898.54,16.9877,16.9877,27.0627,25.5675,0.864943,0.917097
20,27,1767.87,24.2018,24.2018,40.8662,38.3347,1.1351,1.21183
21,22,461.186,13.4131,13.4131,12.5073,12.4431,0.96355,0.968664
21,24,513.602,16.9879,16.9879,15.7404,15.6522,0.849565,0.854504
21,26,721.857,21.5087,21.5087,19.8031,19.6829,0.952229,0.958208
21,28,754.373,27.233,27.233,24.9145,24.7517,0.786415,0.791765
21,30,1073.72,34.4804,34.4804,31.3452,31.1258,0.893216,0.899701
21,32,1202.89,43.656,43.656,39.4349,39.1406,0.792447,0.798609
21,34,1531.02,55.2734,55.2734,49.6127,49.2193,0.80202,0.808645
21,36,2352.58,69.9834,69.9834,62.4189,61.895,0.985493,0.994061
21,38,3214.68,88.6094,88.6094,78.5299,77.8343,1.07267,1.0825
22,22,444.36,13.4131,13.4131,13.1282,12.7451,0.882287,0.909609
22,24,569.616,16.9879,16.9879,16.5947,16.0672,0.895111,0.925379
22,26,996.203,21.5087,21.5087,20.9699,20.2488,1.24915,1.29459
22,28,859.019,27.233,27.233,26.499,25.519,0.843856,0.877295
22,30,1021.95,34.4804,34.4804,33.4857,32.1607,0.792872,0.826645
22,32,1413.07,43.656,43.656,42.3139,40.5302,0.870123,0.909597
22,34,1662.28,55.2734,55.2734,53.4697,51.078,0.808165,0.847264
22,36,2342.65,69.9834,69.9834,67.5678,64.3724,0.904401,0.950628
22,38,2799.1,88.6094,88.6094,85.3839,81.1268,0.853675,0.899881
23,22,314.691,13.4131,13.4131,12.2702,12.1324,0.662005,0.669834
23,24,384.972,16.9879,16.9879,15.4152,15.2263,0.643927,0.652247
23,26,744.246,21.5087,21.5087,19.3602,19.1034,1.00569,1.01957
23,28,896.228,27.233,27.233,24.315,23.9678,0.963169,0.977511
23,30,1113.09,34.4804,34.4804,30.5378,30.0709,0.952169,0.967372
23,32,1364,43.656,43.656,38.3523,37.7271,0.928413,0.944244
23,34,1589.5,55.2734,55.2734,48.1668,47.333,0.859515,0.87513
23,36,2015.06,69.9834,69.9834,60.4946,59.3864,0.867836,0.884533
23,38,2498.29,88.6094,88.6094,75.9764,74.5078,0.856358,0.873767
24,22,312.483,13.4131,13.4131,11.9419,11.8095,0.675977,0.683857
24,24,471.756,16.9879,16.9879,14.9658,14.7848,0.819825,0.830186
24,26,679.433,21.5087,21.5087,18.7495,18.5041,0.946469,0.959379
24,28,751,27.233,27.233,23.49,23.1591,0.831876,0.844148
24,30,689.65,34.4804,34.4804,29.4291,28.9851,0.60258,0.612223
24,32,971.676,43.656,43.656,36.8689,36.2759,0.681027,0.692601
24,34,1440.97,55.2734,55.2734,46.1898,45.4008,0.81108,0.825643
24,36,2150.86,69.9834,69.9834,57.8689,56.8228,0.971459,0.989839
24,38,2911.6,88.6094,88.6094,72.4994,71.1165,1.05184,1.07282
25,22,217.333,13.4131,13.4131,11.3217,11.0156,0.488745,0.503072
25,24,234.968,16.9879,16.9879,14.1198,13.7039,0.420115,0.433682
25,26,496.419,21.5087,21.5087,17.6042,17.0431,0.730556,0.755491
25,28,696.513,27.233,27.233,21.9485,21.196,0.82551,0.855769
25,30,558.094,34.4804,34.4804,27.3648,26.3609,0.520935,0.541798
25,32,778.911,43.656,43.656,34.117,32.7836,0.586366,0.611307
25,34,1435.82,55.2734,55.2734,42.5355,40.7714,0.879818,0.919047
25,36,1877.42,69.9834,69.9834,53.0328,50.7067,0.92401,0.967629
25,38,2219.14,88.6094,88.6094,66.1189,63.0615,0.874633,0.91834
26,22,136.022,13.4131,13.4131,10.3743,10.1808,0.325311,0.332005
26,24,234.967,16.9879,16.9879,12.8358,12.5748,0.464825,0.475031
26,26,336.306,21.5087,21.5087,15.8768,15.5274,0.54209,0.554893
26,28,548.517,27.233,27.233,19.6381,19.173,0.72337,0.741568
26,30,616.095,34.4804,34.4804,24.2905,23.6747,0.654403,0.672124
26,32,803.809,43.656,43.656,30.0445,29.2328,0.691746,0.711701
26,34,964.06,55.2734,55.2734,37.1619,36.096,0.669943,0.690518
26,36,1299.3,69.9834,69.9834,45.9658,44.5709,0.732377,0.756139
26,38,1326.3,88.6094,88.6094,56.8546,55.0351,0.599722,0.620438
27,14,272.653,5.21933,5.21933,5.76861,5.70526,1.24267,1.25676
27,16,429.731,6.61039,6.61039,7.41124,7.31829,1.53057,1.55035
27,19,616.786,9.41766,9.41766,10.7875,10.627,1.50888,1.53207
27,21,755.993,11.9239,11.9239,13.855,13.6274,1.43873,1.46321
27,23,963.317,15.0971,15.0971,17.7945,17.4746,1.42721,1.45383
27,26,1139.88,21.5082,21.5082,25.9009,25.3751,1.15522,1.17971
27,28,960.132,27.2322,27.2322,33.2658,32.5391,0.748381,0.765694
27,30,1208.12,34.48,34.48,42.7252,41.7261,0.732644,0.750829
27,33,1615.89,49.1227,49.1227,62.1885,60.5907,0.67106,0.689465
27,34,1698.66,55.273,55.273,70.4787,68.6135,0.620508,0.638106
28,14,238.706,5.21933,5.21933,5.30632,5.24245,1.18144,1.19616
28,16,346.218,6.61039,6.61039,6.73645,6.64387,1.35359,1.37283
28,19,534.13,9.41766,9.41766,9.63131,9.47433,1.46272,1.48741
28,21,585.63,11.9239,11.9239,12.2233,12.0033,1.26002,1.28361
28,23,666.695,15.0971,15.0971,15.5127,15.2071,1.12751,1.1507
28,26,947.3,21.5082,21.5082,22.1788,21.6855,1.12038,1.14647
28,28,653.934,27.2322,27.2322,28.1475,27.474,0.597159,0.612456
28,30,1036.18,34.48,34.48,35.7233,34.8082,0.752231,0.772713
28,33,1131.25,49.1227,49.1227,51.0745,49.6373,0.568059,0.585285
28,34,1180.89,55.273,55.273,57.5371,55.8696,0.524409,0.540862
29,14,285.405,5.21933,5.21933,5.61461,5.58286,1.3385,1.34626
29,16,330.377,6.61039,6.61039,7.18556,7.13914,1.2081,1.21613
29,19,467.478,9.41766,9.41766,10.3985,10.3188,1.18066,1.18999
29,21,730.635,11.9239,11.9239,13.3039,13.1912,1.44825,1.46085
29,23,901.192,15.0971,15.0971,17.0208,16.863,1.39527,1.40859
29,26,1010.45,21.5082,21.5082,24.6314,24.3734,1.07501,1.08668
29,28,1156,27.2322,27.2322,31.5133,31.1578,0.958442,0.969682
29,30,1565.99,34.48,34.48,40.3185,39.8316,1.01639,1.02914
29,33,1702.25,49.1227,49.1227,58.3461,57.5714,0.756777,0.767322
29,34,1332.76,55.273,55.273,65.9958,65.0929,0.515566,0.523089
30,14,362.172,5.21933,5.21933,5.73482,5.63615,1.66942,1.69912
30,16,465.869,6.61039,6.61039,7.36166,7.21708,1.67291,1.70697
30,19,431.103,9.41766,9.41766,10.7018,10.4527,1.05514,1.08093
30,21,549.99,11.9239,11.9239,13.7335,13.3806,1.0488,1.07718
30,23,866.117,15.0971,15.0971,17.6236,17.1282,1.29317,1.33135
30,26,970.033,21.5082,21.5082,25.6199,24.8073,0.99012,1.02344
30,28,941.481,27.2322,27.2322,32.8773,31.7556,0.742305,0.769474
30,30,1579.42,34.48,34.48,42.1908,40.6507,0.978641,1.01674
30,33,2169.58,49.1227,49.1227,61.3335,58.8751,0.923269,0.962942
30,34,1429.82,55.273,55.273,69.4803,66.6124,0.525882,0.54968
31,14,151.217,5.21933,5.21933,5.41254,5.37265,0.723557,0.729128
31,16,343.254,6.61039,6.61039,6.89078,6.83278,1.31112,1.32248
31,19,378.444,9.41766,9.41766,9.8939,9.79507,1.00054,1.0109
31,21,629.958,11.9239,11.9239,12.5922,12.4532,1.31687,1.33187
31,23,765.333,15.0971,15.0971,16.0261,15.8325,1.25584,1.27152
31,26,990.541,21.5082,21.5082,23.0104,22.6965,1.12939,1.14538
31,28,913.877,27.2322,27.2322,29.2857,28.8556,0.811316,0.823809
31,30,1533.98,34.48,34.48,37.2732,36.6871,1.07855,1.09622
31,33,1843.44,49.1227,49.1227,53.5172,52.5923,0.898348,0.914621
31,34,1381.17,55.273,55.273,60.3746,59.2996,0.587603,0.598742
32,14,69.171,5.21933,5.21933,5.01883,4.91425,0.34333,0.351209
32,16,182.773,6.61039,6.61039,6.32096,6.17064,0.749802,0.768722
32,19,330.865,9.41766,9.41766,8.93008,8.67847,0.968314,0.997167
32,21,372.006,11.9239,11.9239,11.2435,10.8938,0.861836,0.890358
32,23,866.717,15.0971,15.0971,14.1561,13.6747,1.61766,1.67555
32,26,880.606,21.5082,21.5082,19.9989,19.2318,1.15585,1.20302
32,28,624.262,27.2322,27.2322,25.1801,24.1417,0.639045,0.667689
32,30,767.936,34.48,34.48,31.7035,30.3045,0.62375,0.653786
32,33,1034.18,49.1227,49.1227,44.7896,42.6203,0.593329,0.624895
32,34,707.507,55.273,55.273,50.2571,47.7517,0.351266,0.371106
33,11,56.79,3.66351,3.66351,3.36445,3.38267,0.426519,0.424077
33,12,48.76,4.12295,4.12295,3.75718,3.77938,0.321722,0.319674
33,13,59.59,4.63991,4.63991,4.19563,4.22249,0.354627,0.3522
33,14,105.97,5.22094,5.22094,4.68464,4.71695,0.58073,0.576568
33,17,202.58,7.43817,7.43817,6.52086,6.57552,0.807579,0.800644
33,18,252.81,8.36956,8.36956,7.28085,7.34547,0.905783,0.897578
33,19,266.9,9.41765,9.41765,8.12943,8.20562,0.854984,0.846796
33,20,437.44,10.5968,10.5968,9.07678,9.16634,1.2676,1.25496
33,25,679.79,19.1146,19.1146,15.7512,15.9457,1.13236,1.11822
33,26,425.72,21.5082,21.5082,17.5866,17.8126,0.623336,0.61509
33,27,785.82,24.2019,24.2019,19.6363,19.8984,1.04804,1.03388
33,28,795.67,27.2321,27.2321,21.9252,22.2287,0.94789,0.934582
33,32,1101.41,43.6553,43.6553,34.0755,34.615,0.841321,0.82779
33,33,1257.28,49.1224,49.1224,38.0466,38.668,0.860745,0.846481
33,34,1260.9,55.2726,55.2726,42.4813,43.1964,0.770375,0.757178
34,11,0,3.66351,3.66351,3.36349,3.38383,-0.0268598,-0.0268598
34,12,71.36,4.12295,4.12295,3.75602,3.78081,0.483446,0.4801
34,13,172.99,4.63991,4.63991,4.19422,4.22422,1.08097,1.0731
34,14,168.64,5.22094,5.22094,4.68295,4.71902,0.940403,0.93301
34,17,246.23,7.43817,7.43817,6.51801,6.57902,0.987821,0.97841
34,18,268.62,8.36956,8.36956,7.27747,7.34962,0.964568,0.954836
34,19,305.92,9.41765,9.41765,8.12545,8.21051,0.984402,0.973926
34,20,334.46,10.5968,10.5968,9.0721,9.17209,0.963378,0.952584
34,25,575.03,19.1146,19.1146,15.741,15.9582,0.954349,0.940996
34,26,708.31,21.5082,21.5082,17.5749,17.8271,1.05566,1.04034
34,27,761.83,24.2019,24.2019,19.6227,19.9152,1.01595,1.00063
34,28,816.5,27.2321,27.2321,21.9094,22.2482,0.974131,0.958886
34,32,864.2,43.6553,43.6553,34.0474,34.6497,0.654903,0.643052
34,33,965.91,49.1224,49.1224,38.0142,38.7081,0.655626,0.643393
34,34,965.06,55.2726,55.2726,42.4441,43.2424,0.583858,0.572583
35,11,66.99,3.66351,3.66351,3.46402,3.43673,0.492577,0.496703
35,12,98.72,4.12295,4.12295,3.87865,3.84532,0.656781,0.662706
35,13,123.34,4.63991,4.63991,4.34279,4.30237,0.735989,0.743156
35,14,123.04,5.22094,5.22094,4.86181,4.8131,0.652894,0.659773
35,17,207.6,7.43817,7.43817,6.82153,6.73864,0.790567,0.800622
35,18,275.11,8.36956,8.36956,7.63676,7.53854,0.940751,0.953358
35,19,368.24,9.41765,9.41765,8.54949,8.43345,1.13004,1.14595
35,20,380.36,10.5968,10.5968,9.57109,9.43441,1.04056,1.05603
35,25,709.08,19.1146,19.1146,16.8306,16.5307,1.10475,1.12528
35,26,733.74,21.5082,21.5082,18.8418,18.4927,1.01912,1.03886
35,27,685,24.2019,24.2019,21.0938,20.6881,0.845387,0.862492
35,28,842.32,27.2321,27.2321,23.6149,23.1441,0.931203,0.950691
35,32,1121.91,43.6553,43.6553,37.0927,36.2488,0.785546,0.804459
35,33,1222.6,49.1224,49.1224,41.5259,40.5519,0.763943,0.782938
35,34,1162.52,55.2726,55.2726,46.4891,45.3661,0.644806,0.661432
36,11,50.67,3.66351,3.66351,3.48889,3.45905,0.363232,0.366597
36,12,75.35,4.12295,4.12295,3.90904,3.87258,0.490886,0.495761
36,13,68.59,4.63991,4.63991,4.37966,4.33542,0.393793,0.398085
36,14,95.24,5.22094,5.22094,4.90628,4.85293,0.49454,0.500271
36,17,221.76,7.43817,7.43817,6.89737,6.80641,0.836721,0.848262
36,18,284.99,8.36956,8.36956,7.72668,7.61883,0.963836,0.977859
36,19,390.52,9.41765,9.41765,8.65578,8.52831,1.18497,1.20308
36,20,311.91,10.5968,10.5968,9.69638,9.54613,0.837158,0.850757
36,25,926.84,19.1146,19.1146,17.1065,16.7758,1.42842,1.45711
36,26,794.18,21.5082,21.5082,19.1631,18.7779,1.0863,1.10913
36,27,784.41,24.2019,24.2019,21.4675,21.0195,0.954584,0.975499
36,28,748.5,27.2321,27.2321,24.0488,23.5287,0.80913,0.827609
36,32,1008.22,43.6553,43.6553,37.8727,36.9381,0.688184,0.706276
36,33,1202.47,49.1224,49.1224,42.4268,41.3474,0.734408,0.754282
36,34,1290.37,55.2726,55.2726,47.5284,46.2832,0.702371,0.72199
37,11,126.3,3.66351,3.66351,3.77547,3.72729,0.871675,0.883292
37,12,122.66,4.12295,4.12295,4.2606,4.20131,0.746418,0.757331
37,13,171.06,4.63991,4.63991,4.80796,4.73552,0.928773,0.943392
37,14,163.95,5.22094,5.22094,5.42486,5.33689,0.784898,0.798279
37,17,297.03,7.43817,7.43817,7.79242,7.63924,0.996979,1.01751
37,18,464.41,8.36956,8.36956,8.79221,8.60931,1.39189,1.42203
37,19,522.28,9.41765,9.41765,9.92028,9.7026,1.38725,1.41898
37,20,602.73,10.5968,10.5968,11.193,10.9346,1.41951,1.45369
37,25,786.51,19.1146,19.1146,20.4682,19.8792,1.00526,1.03583
37,26,1069.2,21.5082,21.5082,23.0947,22.4039,1.21665,1.255
37,27,948.56,24.2019,24.2019,26.0581,25.2492,0.950886,0.982207
37,28,1042.96,27.2321,27.2321,29.401,28.4551,0.925956,0.957629
37,32,1250.61,43.6553,43.6553,47.6515,45.9033,0.678075,0.704921
37,33,1353.69,49.1224,49.1224,53.765,51.7326,0.649415,0.675983
37,34,1514.43,55.2726,55.2726,60.663,58.3013,0.643686,0.670849
38,11,109.08,3.66351,3.66351,3.70626,3.70411,0.763659,0.764118
38,12,161.68,4.12295,4.12295,4.17546,4.17282,1.01319,1.01385
38,13,275.71,4.63991,4.63991,4.70396,4.70074,1.54746,1.54854
38,14,231.21,5.22094,5.22094,5.2986,5.29469,1.1452,1.14606
38,17,299.63,7.43817,7.43817,7.57274,7.56595,1.0359,1.03686
38,18,455.69,8.36956,8.36956,8.52997,8.52188,1.40805,1.40942
38,19,540,9.41765,9.41765,9.60826,9.59863,1.48271,1.48422
38,20,713.76,10.5968,10.5968,10.8227,10.8113,1.74455,1.74642
38,25,723.82,19.1146,19.1146,19.6253,19.5994,0.963786,0.965093
38,26,819.05,21.5082,21.5082,22.1063,22.0759,0.968313,0.969679
38,27,791.57,24.2019,24.2019,24.901,24.8656,0.826977,0.828194
38,28,681.34,27.2321,27.2321,28.0483,28.0069,0.625611,0.626575
38,32,999.44,43.6553,43.6553,45.154,45.0778,0.567657,0.568661
38,33,1067.65,49.1224,49.1224,50.8621,50.7736,0.536957,0.537939
38,34,1132.16,55.2726,55.2726,57.2906,57.188,0.503936,0.504889
39,11,43.58,3.66351,3.66351,3.45584,3.44806,0.311857,0.312622
39,12,79.58,4.12295,4.12295,3.86866,3.85915,0.525659,0.52702
39,13,76.32,4.63991,4.63991,4.33067,4.31914,0.446495,0.447758
39,14,92.2,5.22094,5.22094,4.8472,4.83331,0.484049,0.485517
39,17,218.51,7.43817,7.43817,6.79664,6.773,0.836675,0.83969
39,18,213.09,8.36956,8.36956,7.60726,7.57925,0.725522,0.728303
39,19,230.31,9.41765,9.41765,8.51463,8.48154,0.699665,0.7025
40,11,52.06,3.66351,3.66351,3.46135,3.48919,0.377122,0.373899
40,12,78.57,4.12295,4.12295,3.87539,3.9094,0.517699,0.512961
40,13,100.28,4.63991,4.63991,4.33883,4.3801,0.59393,0.588081
40,14,126.9,5.22094,5.22094,4.85704,4.90681,0.674908,0.66779
40,17,203.55,7.43817,7.43817,6.81341,6.89828,0.775575,0.765703
40,18,229.95,8.36956,8.36956,7.62713,7.72776,0.782936,0.772391
40,19,317.81,9.41765,9.41765,8.53811,8.65706,0.972931,0.959194
41,11,79.35,3.66351,3.66351,3.58038,3.54852,0.56842,0.573765
41,12,73.23,4.12295,4.12295,4.02099,3.98197,0.462309,0.467103
41,13,101.94,4.63991,4.63991,4.51573,4.46827,0.579486,0.585926
41,14,111.47,5.22094,5.22094,5.07061,5.01325,0.563615,0.570371
41,17,275.86,7.43817,7.43817,7.17891,7.08041,1.00527,1.01963
41,18,292.22,8.36956,8.36956,8.061,7.94394,0.946839,0.961186
41,19,359.22,9.41765,9.41765,9.05157,8.91289,1.0391,1.05568
42,11,107.1,3.66351,3.66351,3.69024,3.71423,0.752681,0.747644
42,12,99.19,4.12295,4.12295,4.15577,4.18526,0.614231,0.609714
42,13,163.64,4.63991,4.63991,4.67994,4.71592,0.912329,0.905162
42,14,149.04,5.22094,5.22094,5.26946,5.31311,0.732837,0.726596
42,17,296.61,7.43817,7.43817,7.52219,7.59792,1.03226,1.0217
42,18,510.43,8.36956,8.36956,8.4697,8.56002,1.59186,1.57478
42,19,403.52,9.41765,9.41765,9.53661,9.64398,1.10965,1.097
43,11,0,3.66351,3.66351,3.69379,3.62692,-0.0268598,-0.0268598
43,12,51.28,4.12295,4.12295,4.16014,4.07805,0.304228,0.310893
43,13,166.45,4.63991,4.63991,4.68527,4.58518,0.927369,0.948199
43,14,131.35,5.22094,5.22094,5.27592,5.15465,0.641846,0.657579
43,17,213.16,7.43817,7.43817,7.5334,7.32364,0.733148,0.754916
43,18,352.45,8.36956,8.36956,8.48307,8.23318,1.0891,1.12297
43,19,514.64,9.41765,9.41765,9.5525,9.25575,1.42021,1.46661
44,11,142.42,3.66351,3.66351,3.82532,3.85901,0.973156,0.964424
44,12,147.88,4.12295,4.12295,4.322,4.36355,0.892167,0.883416
44,13,202.34,4.63991,4.63991,4.88306,4.93393,1.08614,1.07466
44,14,189.33,5.22094,5.22094,5.51617,5.57809,0.895043,0.884809
44,17,333.92,7.43817,7.43817,7.95198,8.06049,1.10104,1.08586
44,18,542.24,8.36956,8.36956,8.98295,9.11281,1.59449,1.57138
44,19,543.19,9.41765,9.41765,10.1476,10.3025,1.41092,1.38931
45,11,74.21,3.66351,3.66351,3.56278,3.51237,0.53261,0.54064
45,12,69.76,4.12295,4.12295,3.99944,3.93774,0.441642,0.448982
45,13,102.46,4.63991,4.63991,4.4895,4.41452,0.586139,0.596552
45,14,137.15,5.22094,5.22094,5.03891,4.94833,0.704217,0.717598
45,17,196.7,7.43817,7.43817,7.12444,6.96923,0.714719,0.731234
45,18,256.49,8.36956,8.36956,7.99626,7.81194,0.834703,0.855032
45,19,348.97,9.41765,9.41765,8.97485,8.75663,1.01753,1.04356
46,11,46.49,3.66351,3.66351,3.53712,3.48593,0.326171,0.331355
46,12,66.25,4.12295,4.12295,3.96803,3.90542,0.421591,0.428779
46,13,98.22,4.63991,4.63991,4.45131,4.37528,0.565813,0.576113
46,14,62.38,5.22094,5.22094,4.99277,4.90099,0.308729,0.315014
46,17,202.95,7.43817,7.43817,7.0453,6.88834,0.746877,0.764507
46,18,260.8,8.36956,8.36956,7.90224,7.71597,0.859604,0.881004
46,19,336.37,9.41765,9.41765,8.86351,8.64312,0.992471,1.01846
47,11,41.5,3.66351,3.66351,3.44435,3.42301,0.296767,0.298784
47,12,76.5,4.12295,4.12295,3.85463,3.82859,0.506208,0.509833
47,13,80.22,4.63991,4.63991,4.31365,4.28209,0.472646,0.476328
47,14,71.35,5.22094,5.22094,4.8267,4.78868,0.370192,0.373345
47,17,174.07,7.43817,7.43817,6.76175,6.69713,0.664601,0.671274
47,18,218.51,8.36956,8.36956,7.56592,7.48939,0.748874,0.756802
47,19,190.31,9.41765,9.41765,8.4658,8.37542,0.576946,0.583461
48,11,71.77,3.66351,3.66351,3.80312,3.76875,0.480022,0.484644
48,12,202.71,4.12295,4.12295,4.29465,4.25233,1.24094,1.25356
48,13,88.7,4.63991,4.63991,4.84959,4.79785,0.464412,0.46971
48,14,245.32,5.22094,5.22094,5.47547,5.41257,1.17655,1.19054
48,17,361.87,7.43817,7.43817,7.88078,7.77099,1.20649,1.22392
48,18,423.96,8.36956,8.36956,8.89781,8.76661,1.25295,1.2721
48,19,457.06,9.41765,9.41765,10.0461,9.8898,1.19516,1.21448
49,11,20.83,3.66351,3.66351,3.59168,3.59514,0.128914,0.128764
49,12,74.54,4.12295,4.12295,4.03484,4.03908,0.469351,0.46883
49,13,108.72,4.63991,4.63991,4.53257,4.53773,0.61741,0.616677
49,14,158.14,5.22094,5.22094,5.09099,5.09723,0.80748,0.806459
49,17,229.71,7.43817,7.43817,7.21396,7.2247,0.828423,0.827152
49,18,315.37,8.36956,8.36956,8.10267,8.11545,1.01857,1.01693
49,19,479.75,9.41765,9.41765,9.10097,9.11611,1.38903,1.38668
50,11,132.85,3.66351,3.66351,3.77332,3.75366,0.918814,0.923766
50,12,102.33,4.12295,4.12295,4.25795,4.23376,0.618654,0.622343
50,13,173.62,4.63991,4.63991,4.80472,4.77515,0.943729,0.949739
50,14,159.16,5.22094,5.22094,5.42092,5.385,0.761754,0.767014
50,17,338.03,7.43817,7.43817,7.78555,7.72295,1.13933,1.14878
50,18,365.42,8.36956,8.36956,8.784,8.70924,1.09053,1.10012
50,19,572.73,9.41765,9.41765,9.91051,9.8215,1.52538,1.53944
51,12,114.043,4.12224,4.12224,4.11978,4.03764,0.716666,0.731793
51,14,107.191,5.2209,5.2209,5.21726,5.0961,0.524989,0.53811
51,16,241.145,6.6103,6.6103,6.60504,6.43002,0.953771,0.980462
51,19,245.666,9.41756,9.41756,9.40866,9.11335,0.674466,0.697191
51,21,580.106,11.9237,11.9237,11.9112,11.4987,1.28128,1.32821
51,23,558.167,15.0968,15.0968,15.0795,14.5085,0.967356,1.00648
51,26,911.355,21.508,21.508,21.4802,20.5631,1.11274,1.16356
51,28,968.113,27.2324,27.2324,27.1945,25.946,0.929341,0.975351
51,30,1305.24,34.4792,34.4792,34.4278,32.7371,0.991459,1.04405
51,33,1425.93,49.1216,49.1216,49.041,46.3985,0.754124,0.798603
51,34,1553.7,55.2733,55.2733,55.1798,52.1192,0.729433,0.773846
52,12,144.501,4.12224,4.12224,4.34054,4.26136,0.867332,0.883947
52,14,146.375,5.2209,5.2209,5.54486,5.42703,0.682195,0.697589
52,16,291.248,6.6103,6.6103,7.08111,6.90941,1.07789,1.10535
52,19,410.386,9.41756,9.41756,10.2193,9.92572,1.05177,1.08368
52,21,497.112,11.9237,11.9237,13.0505,12.6368,0.996269,1.02977
52,23,718.936,15.0968,15.0968,16.6661,16.0883,1.13181,1.17342
52,26,962.241,21.508,21.508,24.0521,23.1116,1.04771,1.09144
52,28,1328.39,27.2324,27.2324,30.7164,29.4251,1.13474,1.18572
52,30,1584.22,34.4792,34.4792,39.2269,37.4624,1.05791,1.109
52,33,2084.68,49.1216,49.1216,56.6111,53.8164,0.962244,1.01361
52,34,1934.05,55.2733,55.2733,63.9734,60.7225,0.78517,0.828644
53,12,193.473,4.12224,4.12224,4.75525,4.66808,1.06597,1.08637
53,14,406.921,5.2209,5.2209,6.1677,6.036,1.74525,1.78391
53,16,428.764,6.6103,6.6103,7.99726,7.80239,1.4132,1.44917
53,19,682.999,9.41756,9.41756,11.8078,11.4669,1.5268,1.57298
53,21,813.478,11.9237,11.9237,15.31,14.8223,1.4003,1.44727
53,23,927.814,15.0968,15.0968,19.8513,19.1596,1.22852,1.27384
53,26,1211.29,21.508,21.508,29.3101,28.1583,1.08317,1.12857
53,28,1387.6,27.2324,27.2324,38.004,36.3983,0.953845,0.997108
53,30,1617.71,34.4792,34.4792,49.2771,47.0501,0.85492,0.896656
53,33,2013.91,49.1216,49.1216,72.7555,69.1467,0.716633,0.755436
53,34,2208.09,55.2733,55.2733,82.8475,78.6163,0.689021,0.727551
54,12,226.836,4.12224,4.12224,4.7341,4.71355,1.26014,1.26575
54,14,325.931,5.2209,5.2209,6.1357,6.10465,1.39995,1.4072
54,16,476.807,6.6103,6.6103,7.94985,7.90389,1.58411,1.59348
54,19,698.404,9.41756,9.41756,11.7247,11.6442,1.5731,1.58415
54,21,913.602,11.9237,11.9237,15.191,15.0759,1.58852,1.60085
54,23,976.41,15.0968,15.0968,19.6823,19.519,1.30562,1.31677
54,26,1066.99,21.508,21.508,29.0283,28.756,0.960427,0.969774
54,28,1557.6,27.2324,27.2324,37.6106,37.2309,1.08551,1.09685
54,30,1494.09,34.4792,34.4792,48.7309,48.2041,0.796666,0.805666
54,33,2099.06,49.1216,49.1216,71.8689,71.0146,0.757629,0.767066
54,34,2547.82,55.2733,55.2733,81.8074,80.8056,0.809667,0.820038
55,12,119.933,4.12224,4.12224,3.71138,3.66576,0.841112,0.851915
55,14,139.704,5.2209,5.2209,4.61895,4.55276,0.785538,0.797349
55,16,193.035,6.6103,6.6103,5.74677,5.65276,0.875367,0.890371
55,19,99.4873,9.41756,9.41756,7.97521,7.82053,0.308205,0.314832
55,21,264.638,11.9237,11.9237,9.9224,9.70992,0.689512,0.705188
55,23,294.349,15.0968,15.0968,12.345,12.0557,0.613576,0.628942
55,26,456.865,21.508,21.508,17.132,16.6789,0.68942,0.708879
55,28,607.502,27.2324,27.2324,21.3148,20.7083,0.738685,0.761106
55,30,742.495,34.4792,34.4792,26.5193,25.7118,0.72517,0.748788
55,33,953.48,49.1216,49.1216,36.8026,35.5718,0.669024,0.693102
55,34,1240.46,55.2733,55.2733,41.0498,39.6359,0.784802,0.813756
56,12,182.716,4.12224,4.12224,4.42262,4.44328,1.08283,1.07767
56,14,193.741,5.2209,5.2209,5.66738,5.69826,0.891351,0.886374
56,16,393.636,6.6103,6.6103,7.26022,7.30545,1.42943,1.42042
56,19,545.587,9.41756,9.41756,10.527,10.6049,1.36522,1.35499
56,21,691.771,11.9237,11.9237,13.4854,13.5958,1.35099,1.3398
56,23,929.922,15.0968,15.0968,17.2754,17.4303,1.41899,1.40614
56,26,1063.77,21.508,21.508,25.0484,25.3025,1.11383,1.10238
56,28,1369.19,27.2324,27.2324,32.0886,32.4393,1.11922,1.10684
56,30,1542.25,34.4792,34.4792,41.1078,41.5893,0.980844,0.969178
56,33,1919.13,49.1216,49.1216,59.6038,60.3721,0.837975,0.826968
56,34,1834.73,55.2733,55.2733,67.4605,68.3567,0.703651,0.694074
57,12,145.251,4.12224,4.12224,4.20774,4.18477,0.900344,0.905432
57,14,161.978,5.2209,5.2209,5.34744,5.3134,0.786746,0.791958
57,16,172.664,6.6103,6.6103,6.79372,6.74432,0.655788,0.660788
57,19,247.5,9.41756,9.41756,9.72868,9.64473,0.65646,0.662408
57,21,611.5,11.9237,11.9237,12.3598,12.242,1.30203,1.31482
57,23,682.208,15.0968,15.0968,15.7025,15.5387,1.14009,1.15239
57,26,1047.13,21.508,21.508,22.4861,22.2211,1.22395,1.23887
57,28,1274.69,27.2324,27.2324,28.5684,28.2059,1.1716,1.187
57,30,1527.08,34.4792,34.4792,36.2949,35.8016,1.10325,1.11882
57,33,1711.01,49.1216,49.1216,51.9744,51.1979,0.85737,0.870781
57,34,1672.88,55.2733,55.2733,58.5828,57.6815,0.740146,0.752131
58,12,138.583,4.12224,4.12224,4.49225,4.46796,0.801748,0.806253
58,14,210.632,5.2209,5.2209,5.7716,5.73521,0.953377,0.959598
58,16,344.98,6.6103,6.6103,7.41302,7.35961,1.22312,1.23219
58,19,422.137,9.41756,9.41756,10.7906,10.6983,1.02392,1.03298
58,21,794.987,11.9237,11.9237,13.8591,13.7282,1.51387,1.52856
58,23,774.592,15.0968,15.0968,17.8004,17.6163,1.14196,1.15417
58,26,1155.58,21.508,21.508,25.9107,25.6081,1.17105,1.1852
58,28,1682.54,27.2324,27.2324,33.2796,32.8612,1.33111,1.3484
58,30,1867.22,34.4792,34.4792,42.7447,42.1692,1.14646,1.16247
58,33,2176.04,49.1216,49.1216,62.2195,61.2987,0.912527,0.926637
58,34,1544.13,55.2733,55.2733,70.5131,69.438,0.561328,0.570435
59,12,145.703,4.12224,4.12224,4.43519,4.39432,0.855528,0.863735
59,14,170.272,5.2209,5.2209,5.68617,5.62509,0.777457,0.786191
59,16,354.865,6.6103,6.6103,7.28774,7.19834,1.28104,1.29728
59,19,556.421,9.41756,9.41756,10.5744,10.4205,1.3865,1.40737
59,21,608.512,11.9237,11.9237,13.5526,13.3348,1.17915,1.19885
59,23,776.403,15.0968,15.0968,17.3696,17.0641,1.17375,1.19524
59,26,906.278,21.508,21.508,25.2029,24.7024,0.939,0.958568
59,28,1237.37,27.2324,27.2324,32.3018,31.6116,1.00205,1.02451
59,30,1740.83,34.4792,34.4792,41.4004,40.4533,1.10256,1.129
59,33,2213.39,49.1216,49.1216,60.0707,58.5609,0.962831,0.988347
59,34,2424.85,55.2733,55.2733,68.005,66.2446,0.930878,0.956329
60,13,155.401,4.63851,4.63851,4.75986,4.75677,0.850065,0.850633
60,15,298.757,5.87476,5.87476,6.05245,6.04792,1.29898,1.29997
60,18,427.251,8.36963,8.36963,8.67431,8.66653,1.29612,1.2973
60,20,617.047,10.597,10.597,11.0265,11.0155,1.47622,1.47772
60,22,747.662,13.417,13.417,14.0164,14.001,1.4059,1.40747
60,25,722.569,19.1147,19.1147,20.088,20.0629,0.939294,0.9405
60,27,826.85,24.2017,24.2017,25.5351,25.5007,0.842886,0.844059
60,29,1120.75,30.6429,30.6429,32.46,32.4131,0.900529,0.901871
60,32,1287.1,43.6562,43.6562,46.5212,46.447,0.716273,0.71746
60,34,1496.71,55.2735,55.2735,59.1359,59.0357,0.652953,0.654107
61,13,194.176,4.63851,4.63851,4.73354,4.66976,1.07497,1.09002
61,15,280.384,5.87476,5.87476,6.01386,5.92045,1.22542,1.24518
61,18,394.649,8.36963,8.36963,8.60798,8.44781,1.20458,1.22793
61,20,492.485,10.597,10.597,10.9329,10.707,1.18308,1.20859
61,22,577.519,13.417,13.417,13.8855,13.5703,1.09028,1.11623
61,25,834.475,19.1147,19.1147,19.8749,19.3631,1.10089,1.13069
61,27,955.389,24.2017,24.2017,25.2428,24.5415,0.989732,1.01878
61,29,1083.74,30.6429,30.6429,32.0611,31.1054,0.881067,0.908963
61,32,1248.44,43.6562,43.6562,45.8907,44.3837,0.703852,0.728663
61,34,1234.36,55.2735,55.2735,58.2846,56.2528,0.541981,0.562527
62,13,152.437,4.63851,4.63851,4.35179,4.41808,0.914002,0.899885
62,15,221.42,5.87476,5.87476,5.45777,5.55381,1.06284,1.04399
62,18,297.443,8.36963,8.36963,7.66197,7.82404,1.01586,0.99426
62,20,466.181,10.597,10.597,9.60623,9.83226,1.27662,1.24666
62,22,476.699,13.417,13.417,12.0438,12.3559,1.03626,1.00941
62,25,610.53,19.1147,19.1147,16.9075,17.4062,0.943049,0.915258
62,27,728.42,24.2017,24.2017,21.1983,21.8744,0.896102,0.867576
62,29,822.484,30.6429,30.6429,26.5775,27.4892,0.80436,0.776795
62,32,1121.04,43.6562,43.6562,37.311,38.7256,0.780167,0.750687
62,34,1208.28,55.2735,55.2735,46.7785,48.665,0.666925,0.64003
63,13,97.7039,4.63851,4.63851,4.4254,4.39089,0.566152,0.570812
63,15,136.488,5.87476,5.87476,5.56443,5.51439,0.631977,0.637955
63,18,279.856,8.36963,8.36963,7.84199,7.75745,0.931684,0.942129
63,20,421.972,10.597,10.597,9.85733,9.73934,1.12295,1.13688
63,22,510.454,13.417,13.417,12.3906,12.2275,1.07968,1.09444
63,25,767.745,19.1147,19.1147,17.4617,17.2008,1.15409,1.17201
63,27,623.676,24.2017,24.2017,21.9497,21.5958,0.736331,0.748839
63,29,860.799,30.6429,30.6429,27.5909,27.1132,0.811132,0.825895
63,32,1128.57,43.6562,43.6562,38.8837,38.1416,0.752729,0.767897
63,34,1305.96,55.2735,55.2735,48.8761,47.8857,0.690828,0.705672
64,13,80.519,4.63851,4.63851,4.60537,4.54291,0.44275,0.449207
64,15,192.055,5.87476,5.87476,5.82637,5.73527,0.858523,0.872586
64,18,303.697,8.36963,8.36963,8.28698,8.13176,0.957485,0.976274
64,20,419.476,10.597,10.597,10.4808,10.2629,1.04816,1.07099
64,22,642.738,13.417,13.417,13.2552,12.9524,1.27556,1.30601
64,25,772.402,19.1147,19.1147,18.853,18.3643,1.07358,1.10287
64,27,855.324,24.2017,24.2017,23.8441,23.1773,0.936645,0.964362
64,29,1007.72,30.6429,30.6429,30.1568,29.2519,0.870683,0.898448
64,32,1341.8,43.6562,43.6562,42.8926,41.4747,0.813389,0.842115
64,34,1508.23,55.2735,55.2735,54.2469,52.3435,0.719928,0.747084
65,13,52.0135,4.63851,4.63851,4.72691,4.64305,0.268698,0.274036
65,15,108.759,5.87476,5.87476,6.00414,5.8814,0.459679,0.469832
65,18,202.122,8.36963,8.36963,8.59129,8.381,0.605054,0.62091
65,20,263.333,10.597,10.597,10.9093,10.613,0.621493,0.639595
65,22,586.793,13.417,13.417,13.8526,13.4393,1.11092,1.14591
65,25,1060.87,19.1147,19.1147,19.8214,19.1507,1.41071,1.46106
65,27,1016.31,24.2017,24.2017,25.1694,24.251,1.05771,1.09878
65,29,1041.07,30.6429,30.6429,31.961,30.71,0.848051,0.883692
65,32,1901.52,43.6562,43.6562,45.7327,43.7616,1.08994,1.14025
65,34,2036.07,55.2735,55.2735,58.0714,55.4153,0.914888,0.960025