ID,time,Observation,median,piLower,piUpper,censored
1,22,608.46,33.4484,-787.803,835.66,0
1,24,650.475,57.0503,-1124.65,1187.93,0
1,27,844.74,44.2792,-1688.1,1613.26,0
1,28,964.8,99.9763,-1893.1,1949.65,0
1,32,1107.07,93.4253,-2895.24,2814.13,0
2,22,536.14,-35.3587,-832.478,831.055,0
2,24,1008,78.9747,-1052.9,1190.13,0
2,27,1391.59,-13.6677,-1505.8,1590.07,0
2,28,1743.75,35.1091,-1977.18,1987.24,0
2,32,1802.49,29.2459,-3249.57,2699.04,0
3,22,525.73,6.88583,-894.36,819.292,0
3,24,662.7,-6.03526,-1059.79,1097.49,0
3,27,1193.24,-26.8027,-1510.52,1560.54,0
3,28,1015.14,17.7994,-1771.23,2091.16,0
3,32,1096.66,36.2507,-3301.94,2856.25,0
4,22,492.63,7.78978,-808.677,893.073,0
4,24,665,57.4772,-1012.23,1017.85,0
4,27,865.15,-17.0168,-1566.2,1590.67,0
4,28,1080,32.9989,-1705.5,1985.35,0
4,32,1134.68,-95.5079,-2517.41,2612.85,0
5,22,489.28,12.237,-800.223,893.655,0
5,24,597.861,26.2979,-1114.74,1183.85,0
5,27,761.359,40.1367,-1472.38,1663.79,0
5,28,816.75,67.0433,-1855.48,1744.17,0
5,32,847,9.61399,-2952.3,3081.73,0
6,22,468.29,16.1801,-844.592,772.204,0
6,24,597.861,35.2242,-1072.96,1047.7,0
6,27,733.163,16.6337,-1730.23,1568.88,0
6,28,928.464,-25.5302,-1682.79,2010.7,0
6,32,1248.08,-90.0938,-3333.54,2982.17,0
7,22,460.2,0.198934,-793.809,841.155,0
7,24,671.058,41.5819,-996.315,1242.22,0
7,27,760.725,46.639,-1660.23,1575.92,0
7,28,816.48,66.428,-1784.64,1863.39,0
7,32,989.597,31.2421,-2948.96,3069.38,0
8,22,429.13,-9.05293,-880.128,922.359,0
8,24,583.176,39.7211,-1070.37,1108.59,0
8,27,644.516,85.3911,-1474.21,1477.47,0
8,28,714.07,-2.71895,-1642.78,1799.68,0
8,32,848.318,18.121,-3203.62,2894.16,0
8,34,1039.68,-76.7339,-3851.04,3880.38,0
8,36,1288.41,77.1904,-4983.34,5331.84,0
9,22,427.88,7.52368,-878.133,838.841,0
9,24,617.463,23.9253,-912.162,1060.9,0
9,27,588.062,13.3634,-1539.87,1576.96,0
9,28,716.107,29.5272,-1695.55,1787.58,0
9,32,921.984,4.36609,-3046.92,2926.44,0
9,34,914.837,-83.9945,-3750.51,4504.71,0
9,36,1072.17,61.2253,-4611.87,4346.37,0
10,22,387.77,42.0915,-824.298,871.96,0
10,24,631.75,21.8391,-1148.45,1039.61,0
10,27,668.039,48.8478,-1443.96,1703.07,0
10,28,720,59.2563,-1751.28,1579.29,0
10,32,1038.16,55.9918,-2835.89,2632.47,0
10,34,1137.03,24.9394,-3431.93,3476.65,0
10,36,1224.5,138.783,-4306.54,5195.9,0
11,22,380.96,17.506,-803.593,842.898,0
11,24,527.589,53.7614,-913.099,1161.13,0
11,27,530.16,6.03999,-1562.71,1449.81,0
11,28,655,42.1324,-1536.12,1676.52,0
11,32,871.2,149.937,-2903.58,2853.29,0
11,34,1007.19,313.17,-4029.14,3831.73,0
11,36,950.48,146.93,-4572.34,5102.02,0
12,22,349.49,2.08148,-827.987,834.777,0
12,24,641.966,55.7813,-1001.33,1118.18,0
12,27,686.94,-4.34057,-1424,1724.32,0
12,28,715,139.986,-1765.46,1870.6,0
12,32,942.557,97.4368,-2393,2902.49,0
12,34,1259.13,41.0402,-3305.07,3627.4,0
12,36,1314.51,356.968,-4551.53,4799.62,0
13,22,346.46,11.0471,-928.872,917.514,0
13,24,658.282,-18.5842,-1176.31,1217.89,0
13,27,639.032,16.6053,-1682.97,1522.56,0
13,28,775,68.7129,-1754.94,1677.61,0
13,32,1143.76,-33.5431,-3394.32,2960.53,0
13,34,975.712,61.7718,-4032.92,4001.94,0
13,36,1384.21,173.389,-5567.15,4986.47,0
14,22,310.65,11.7463,-929.31,880.686,0
14,24,664.042,8.11175,-1035.14,995.167,0
14,27,584.016,-76.7395,-1633.68,1573.35,0
14,28,765.184,99.6705,-1604.24,1809.33,0
14,32,1098.5,134.409,-2814.63,2945.67,0
14,34,1212.03,-78.0994,-3532.61,3625.9,0
14,36,1298.09,-87.3262,-4744.56,4974.51,0
15,22,309.68,17.4031,-742.559,880.95,0
15,24,727.011,100.027,-1063.99,1075.96,0
15,27,671.058,20.0585,-1594.76,1602.55,0
15,28,870.732,-13.5471,-1810.33,1856.71,0
15,32,1111.98,91.2188,-2808.21,3198.96,0
15,34,1368.9,-21.4999,-3518.45,3580.1,0
15,36,1368.9,222.769,-4501.34,4811.43,0
16,7,96.25,-2.37525,-138.025,152.886,0
16,10,184.96,0.336659,-207.441,220.825,0
16,11,181.48,3.74066,-221.494,222.718,0
16,13,338.69,5.22815,-288.37,298.998,0
16,15,372.29,6.1794,-339.074,354.918,0
16,17,578.81,-4.464,-486.607,469.267,0
16,19,767.05,12.1196,-634.451,593.987,0
16,21,740.66,19.2541,-725.345,842.568,0
16,24,838.24,10.1823,-1072.45,1117.58,0
16,27,1019.83,59.9533,-1423.85,1667.09,0
17,7,36,0.41503,-130.913,141.758,0
17,10,135,-2.47664,-194.247,204.693,0
17,11,204.77,12.7382,-229.134,221.002,0
17,13,220.5,15.1301,-300.735,300.08,0
17,15,329.6,17.0229,-339.546,396.282,0
17,17,388.08,2.87311,-431.142,476.088,0
17,19,650,2.34489,-573.561,601.373,0
17,21,700.09,40.2706,-691.69,775.828,0
17,24,1027,-5.59905,-917.831,1029,0
17,27,1468.82,107.294,-1550.09,1711.11,0
18,7,120.79,0.67076,-140.45,147.356,0
18,10,184.32,4.0051,-193.048,228.951,0
18,11,213.16,-1.07777,-226.5,234.885,0
18,13,480.13,-4.4291,-282.886,289.749,0
18,15,522.45,-14.2219,-381.932,366.396,0
18,17,716.63,-1.1943,-457.234,542.799,0
18,19,1169.62,6.14679,-651.989,677.02,0
18,21,1142,38.0713,-717.167,874.921,0
18,24,1335.1,-24.0422,-1047.15,1094.02,0
18,27,1814.76,33.1771,-1460.66,1651.59,0
19,7,85,-2.36791,-146.942,155.655,0
19,10,244.69,-6.86586,-208.568,197.77,0
19,11,222.16,9.45007,-238.073,219.275,0
19,13,279.3,14.3107,-284.921,286.051,0
19,15,334.04,4.30726,-358.211,333.862,0
19,17,465.49,33.1389,-419.685,446.597,0
19,19,710,-28.6082,-580.141,572.646,0
19,21,720,-23.5628,-759.414,822.334,0
19,24,1266.13,3.42535,-1124.86,1053.46,0
19,27,1526.26,48.8267,-1626.67,1673.66,0
20,7,67.76,13.1765,-128.116,142.625,0
20,10,144,6.74999,-190.513,195.003,0
20,11,248.29,8.56382,-216.488,265.376,0
20,13,336,14.9038,-271.579,295.876,0
20,15,441.45,-3.03172,-377.271,333.277,0
20,17,533.23,-35.9488,-474.015,465.016,0
20,19,948.71,9.55619,-594.202,592.897,0
20,21,826.88,38.7815,-701.334,820.543,0
20,24,898.54,11.9305,-1244.63,1172.51,0
20,27,1767.87,57.2315,-1417.1,1613.71,0
21,22,461.186,-4.90474,-918.904,869.475,0
21,24,513.602,13.3049,-1090.78,1133.84,0
21,26,721.857,-49.7711,-1425.47,1287.87,0
21,28,754.373,27.916,-1594.1,2141.01,0
21,30,1073.72,56.2182,-2334.95,2856.5,0
21,32,1202.89,-13.2882,-3100.95,2549.68,0
21,34,1531.02,-61.9422,-4106.63,3554.51,0
21,36,2352.58,32.282,-5313.72,5399.97,0
21,38,3214.68,64.0157,-5626.35,6725.54,0
22,22,444.36,-2.13483,-784.924,895.536,0
22,24,569.616,-0.183319,-1296.44,965.427,0
22,26,996.203,23.0754,-1167,1505.69,0
22,28,859.019,15.4523,-1695.76,1952.88,0
22,30,1021.95,9.4643,-2234.37,2307.81,0
22,32,1413.07,77.1047,-2882.34,2613.77,0
22,34,1662.28,-144.007,-4107.64,3376.09,0
22,36,2342.65,-56.2524,-4786.77,5585.73,0
22,38,2799.1,-76.4279,-5980.42,6191.91,0
23,22,314.691,47.5838,-826.091,903.024,0
23,24,384.972,7.02937,-1031.88,1080.5,0
23,26,744.246,67.2858,-1381.79,1482.35,0
23,28,896.228,151.059,-1884.69,1841.74,0
23,30,1113.09,-47.0804,-2354.23,2296.84,0
23,32,1364,-7.81348,-3017.81,2680.31,0
23,34,1589.5,88.5541,-3823.32,3592.6,0
23,36,2015.06,-41.4298,-4519.34,5005,0
23,38,2498.29,-232.467,-6276.88,6149.1,0
24,22,312.483,-16.234,-809.033,831.596,0
24,24,471.756,38.6766,-976.688,1117.96,0
24,26,679.433,-14.6369,-1269.35,1395.58,0
24,28,751,28.7587,-1695.44,2065.3,0
24,30,689.65,111.451,-2435.73,2302.99,0
24,32,971.676,63.529,-2904.31,3166.82,0
24,34,1440.97,145.098,-3193.11,3621.63,0
24,36,2150.86,60.4963,-5229.03,5297.99,0
24,38,2911.6,56.884,-6225.3,5911.64,0
25,22,217.333,38.5868,-798.894,893.722,0
25,24,234.968,-62.239,-1162.83,1125.25,0
25,26,496.419,50.3241,-1471.25,1381.75,0
25,28,696.513,44.9755,-1646.02,1798.1,0
25,30,558.094,24.0591,-2038.28,2364.24,0
25,32,778.911,-74.6328,-2859.51,2881.02,0
25,34,1435.82,88.7462,-3737.46,3475.85,0
25,36,1877.42,-54.738,-4484.71,4412.1,0
25,38,2219.14,-272.704,-6137.62,5600.98,0
26,22,136.022,1.7845,-867.89,1013.92,0
26,24,234.967,1.33481,-1268.23,1207.05,0
26,26,336.306,38.5577,-1351.19,1448.04,0
26,28,548.517,56.2856,-1686.73,1860.31,0
26,30,616.095,-2.13078,-2260.79,2293.29,0
26,32,803.809,1.87915,-2917.34,2906.96,0
26,34,964.06,3.57005,-3603.9,3600.03,0
26,36,1299.3,-39.6305,-5111.81,5165.77,0
26,38,1326.3,-147.511,-5755.14,7123.41,0
27,14,272.653,-2.29965,-282.025,286.516,0
27,16,429.731,25.3488,-376.494,421.199,0
27,19,616.786,32.002,-649.394,650.881,0
27,21,755.993,-8.41543,-754.68,742.269,0
27,23,963.317,7.63301,-888.874,933.036,0
27,26,1139.88,47.3359,-1383.32,1469.92,0
27,28,960.132,51.7522,-1821.55,1687.32,0
27,30,1208.12,-51.392,-2279.88,2268.03,0
27,33,1615.89,155.196,-3175.71,3027.08,0
27,34,1698.66,-19.5979,-3450.73,3887.25,0
28,14,238.706,3.25045,-335.889,322.115,0
28,16,346.218,23.1043,-355.579,454.905,0
28,19,534.13,8.01716,-548.74,620.931,0
28,21,585.63,30.2617,-793.839,863.715,0
28,23,666.695,13.3164,-904.873,1005.6,0
28,26,947.3,-15.1873,-1354.7,1510.35,0
28,28,653.934,76.0183,-1790.82,1662.85,0
28,30,1036.18,59.5073,-2341.91,2066.96,0
28,33,1131.25,159.833,-3298.76,3375.91,0
28,34,1180.89,56.4263,-3820.59,4013.4,0
29,14,285.405,8.75873,-355.638,347.907,0
29,16,330.377,-0.144885,-427.702,392.197,0
29,19,467.478,50.2486,-552.958,627.864,0
29,21,730.635,47.792,-682.585,819.335,0
29,23,901.192,6.29458,-1028.84,1076.11,0
29,26,1010.45,-35.3403,-1421.33,1618.51,0
29,28,1156,18.5236,-1822.45,1917.83,0
29,30,1565.99,89.5767,-2040.91,2348.92,0
29,33,1702.25,-105.6,-3750.81,3097.52,0
29,34,1332.76,28.406,-3872.7,3975.68,0
30,14,362.172,31.2395,-319.258,352.275,0
30,16,465.869,-12.691,-416.742,443.231,0
30,19,431.103,-2.77707,-589.593,638.646,0
30,21,549.99,17.4372,-725.374,752.498,0
30,23,866.117,28.1362,-1039.45,1032.89,0
30,26,970.033,-21.6406,-1400.91,1344.9,0
30,28,941.481,42.4455,-1675.9,1842.25,0
30,30,1579.42,29.7719,-2353.58,2443.17,0
30,33,2169.58,133.312,-3047.79,3205.12,0
30,34,1429.82,-59.4334,-3435.34,3558,0
31,14,151.217,11.8109,-334.808,330.014,0
31,16,343.254,10.9252,-396.797,418.71,0
31,19,378.444,22.3278,-635.56,653.307,0
31,21,629.958,13.739,-725.231,706.615,0
31,23,765.333,11.1728,-897.633,960.381,0
31,26,990.541,12.23,-1376.99,1619.85,0
31,28,913.877,71.0684,-1716.1,1959.12,0
31,30,1533.98,10.2578,-2119.88,2403.32,0
31,33,1843.44,37.1121,-3392.12,3014.69,0
31,34,1381.17,114.828,-3432.6,3600.38,0
32,14,69.171,12.648,-285.43,299.76,0
32,16,182.773,3.19473,-384.954,409.261,0
32,19,330.865,31.9127,-536.454,610.895,0
32,21,372.006,16.7349,-783.05,755.429,0
32,23,866.717,36.5894,-1025.93,1052.91,0
32,26,880.606,-40.5686,-1328.14,1495.5,0
32,28,624.262,52.3146,-1873.64,1661.57,0
32,30,767.936,61.7962,-2491.1,2256.27,0
32,33,1034.18,164.9,-3065.51,3403.27,0
32,34,707.507,100.034,-3759.37,3725.02,0
33,11,56.79,12.0859,-232.158,234.413,0
33,12,48.76,2.74037,-248.479,266.734,0
33,13,59.59,5.89497,-278.536,309.316,0
33,14,105.97,16.8769,-330.756,309.837,0
33,17,202.58,-18.3029,-437.348,471.524,0
33,18,252.81,-6.44432,-507.584,520.386,0
33,19,266.9,-7.1594,-568.029,590.493,0
33,20,437.44,-10.9293,-682.931,616.77,0
33,25,679.79,10.6524,-1408.96,1238.04,0
33,26,425.72,20.3136,-1502.96,1257.5,0
33,27,785.82,31.3432,-1593.29,1561.59,0
33,28,795.67,68.1626,-1786.84,1723.94,0
33,32,1101.41,129.948,-2677.56,2797.31,0
33,33,1257.28,124.565,-2671.81,3674.12,0
33,34,1260.9,154.923,-3495.69,3896.37,0
34,11,0,-3.8105,-234.874,223.306,0
34,12,71.36,15.5236,-244.973,301.464,0
34,13,172.99,-1.47829,-259.323,302.375,0
34,14,168.64,13.8179,-302.488,354.504,0
34,17,246.23,29.033,-415.909,522.145,0
34,18,268.62,37.7553,-517.96,585.265,0
34,19,305.92,12.3919,-601.449,643.615,0
34,20,334.46,15.7405,-680.433,605.565,0
34,25,575.03,48.9257,-1323.57,1339.55,0
34,26,708.31,35.1149,-1365.15,1482.72,0
34,27,761.83,85.2096,-1640.86,1792.93,0
34,28,816.5,-0.143082,-1963.75,1739.85,0
34,32,864.2,129.821,-3205.05,2855.95,0
34,33,965.91,114.984,-2950.1,3555.97,0
34,34,965.06,115.539,-3654.11,3970.87,0
35,11,66.99,10.2211,-224.049,244.036,0
35,12,98.72,6.75152,-265.174,231.61,0
35,13,123.34,1.13353,-279.551,303.742,0
35,14,123.04,16.5643,-256.569,315.354,0
35,17,207.6,5.32758,-409.854,439.719,0
35,18,275.11,-2.61124,-606.688,524.841,0
35,19,368.24,2.39241,-517.52,634.279,0
35,20,380.36,-39.7184,-732.666,659.431,0
35,25,709.08,-49.5028,-1270.36,1211.06,0
35,26,733.74,-17.2632,-1245.33,1531.2,0
35,27,685,-17.7471,-1862.92,1490.32,0
35,28,842.32,57.5348,-1713.84,2069.18,0
35,32,1121.91,53.3576,-2814.16,2940.62,0
35,33,1222.6,25.9736,-3473.48,3206.93,0
35,34,1162.52,13.1577,-3750.61,3497.29,0
36,11,50.67,7.80186,-214.721,226.41,0
36,12,75.35,13.6714,-221.961,248.471,0
36,13,68.59,8.29146,-291.5,325.912,0
36,14,95.24,6.56291,-305.112,334.852,0
36,17,221.76,-15.1939,-492.9,521.325,0
36,18,284.99,14.6665,-499.922,521.929,0
36,19,390.52,-13.0911,-661.356,574.677,0
36,20,311.91,-37.0181,-644.949,692.977,0
36,25,926.84,40.3886,-1231.09,1334.04,0
36,26,794.18,32.6062,-1428.15,1344.88,0
36,27,784.41,3.58182,-1443.34,1572.61,0
36,28,748.5,-43.1168,-2066.25,1591.77,0
36,32,1008.22,8.13518,-3133.82,3383.32,0
36,33,1202.47,11.3847,-3508.24,3293.97,0
36,34,1290.37,103.724,-3603.56,4031.03,0
37,11,126.3,13.9394,-219.404,241.814,0
37,12,122.66,10.1712,-253.074,253.096,0
37,13,171.06,13.8627,-304.697,297.446,0
37,14,163.95,0.606273,-312.259,320.327,0
37,17,297.03,4.78534,-466.894,471.091,0
37,18,464.41,-1.6489,-508.998,510.422,0
37,19,522.28,-8.7703,-568.853,644.211,0
37,20,602.73,-6.71482,-688.369,715.864,0
37,25,786.51,32.6179,-1127.13,1248.98,0
37,26,1069.2,96.902,-1356.74,1457.5,0
37,27,948.56,41.5744,-1606.88,1647.61,0
37,28,1042.96,8.97471,-1824.79,1906.58,0
37,32,1250.61,-0.0340166,-2764.61,2624.31,0
37,33,1353.69,-179.015,-3370.87,3415.11,0
37,34,1514.43,-216.528,-3705.13,3871.56,0
38,11,109.08,16.1348,-195.765,247.018,0
38,12,161.68,11.4878,-238.386,288.261,0
38,13,275.71,10.6339,-301.013,281.741,0
38,14,231.21,5.0532,-321.273,357.062,0
38,17,299.63,13.9139,-444.692,463.337,0
38,18,455.69,-0.476982,-509.897,489.855,0
38,19,540,19.6863,-580.28,567.582,0
38,20,713.76,-6.50717,-677.165,618.6,0
38,25,723.82,16.8407,-1313.22,1329.02,0
38,26,819.05,-10.8512,-1457.25,1416.08,0
38,27,791.57,-34.459,-1451.52,1622.8,0
38,28,681.34,62.1442,-1677.16,1962.05,0
38,32,999.44,217.154,-2872.5,2951.01,0
38,33,1067.65,0.419334,-3602.72,3052.56,0
38,34,1132.16,50.7048,-3620.73,3694.63,0
39,11,43.58,1.86422,-243.818,224.689,0
39,12,79.58,7.24577,-254.73,263.754,0
39,13,76.32,11.2806,-269.99,304.422,0
39,14,92.2,3.75571,-313.966,286.84,0
39,17,218.51,7.07427,-428.772,488.807,0
39,18,213.09,3.89573,-500.038,583.2,0
39,19,230.31,15.6774,-593.47,591.234,0
40,11,52.06,5.65784,-210.384,223.784,0
40,12,78.57,-6.42158,-271.282,263.346,0
40,13,100.28,4.05445,-289.623,275.925,0
40,14,126.9,17.2632,-343.502,321.833,0
40,17,203.55,-10.8872,-459.69,515.782,0
40,18,229.95,35.0202,-479.169,495.172,0
40,19,317.81,-17.5311,-646.85,629.497,0
41,11,79.35,7.78944,-229.912,217.109,0
41,12,73.23,8.24533,-259.485,237.718,0
41,13,101.94,8.27996,-287.935,277.579,0
41,14,111.47,-20.663,-313.947,329.692,0
41,17,275.86,21.4911,-432.779,471.224,0
41,18,292.22,24.6525,-493.661,535.911,0
41,19,359.22,0.905924,-601.5,542.964,0
42,11,107.1,13.8494,-220.79,234.176,0
42,12,99.19,2.78095,-258.917,267.529,0
42,13,163.64,6.8916,-317.259,309.744,0
42,14,149.04,-11.7216,-372.86,302.173,0
42,17,296.61,-8.78984,-426.03,461.571,0
42,18,510.43,41.2184,-480.413,556.647,0
42,19,403.52,19.9297,-588.616,588.06,0
43,11,0,1.94377,-215.01,234.267,0
43,12,51.28,14.0983,-254.287,253.299,0
43,13,166.45,7.92614,-264.604,284.784,0
43,14,131.35,-13.8691,-339.429,288.195,0
43,17,213.16,-19.6102,-480.224,467.424,0
43,18,352.45,-0.05505,-491.585,589.322,0
43,19,514.64,39.9094,-572.415,708.935,0
44,11,142.42,2.44589,-219.015,232.591,0
44,12,147.88,-5.52845,-250.91,239.093,0
44,13,202.34,-3.12536,-271.958,319.775,0
44,14,189.33,-20.7726,-329.383,290.462,0
44,17,333.92,-4.87277,-479.497,403.108,0
44,18,542.24,28.9725,-492.067,554.883,0
44,19,543.19,-17.0751,-620.078,635.808,0
45,11,74.21,-5.53682,-221.641,227.283,0
45,12,69.76,-4.86092,-245.444,239.069,0
45,13,102.46,8.98055,-243.003,303.94,0
45,14,137.15,32.989,-303.854,359.267,0
45,17,196.7,17.9627,-459.876,472.935,0
45,18,256.49,4.21788,-538.618,534.974,0
45,19,348.97,-14.1187,-573.946,601.97,0
46,11,46.49,5.0663,-213.368,222.512,0
46,12,66.25,12.448,-251.33,249.202,0
46,13,98.22,-2.58547,-307.103,286.638,0
46,14,62.38,1.25449,-331.092,338.192,0
46,17,202.95,-16.1922,-445.668,449.01,0
46,18,260.8,13.8452,-480.905,591.382,0
46,19,336.37,2.03766,-619.266,609.173,0
47,11,41.5,1.98259,-205.519,215.948,0
47,12,76.5,-11.7874,-263.21,240.209,0
47,13,80.22,-1.51334,-286.291,292.63,0
47,14,71.35,37.6488,-286.623,343.023,0
47,17,174.07,25.5947,-466.812,455.379,0
47,18,218.51,8.57042,-474.247,523.88,0
47,19,190.31,-3.07383,-541.596,586.209,0
48,11,71.77,9.49782,-240.398,230.189,0
48,12,202.71,6.45985,-245.723,280.507,0
48,13,88.7,2.04017,-274.539,301.162,0
48,14,245.32,7.88386,-334.273,327.165,0
48,17,361.87,25.6377,-434.815,516.091,0
48,18,423.96,-2.57267,-516.815,547.099,0
48,19,457.06,-7.25869,-609.387,615.028,0
49,11,20.83,2.26978,-208.863,235,0
49,12,74.54,2.33324,-237.119,253.696,0
49,13,108.72,-4.27068,-263.655,281.515,0
49,14,158.14,-2.0027,-320.419,360.211,0
49,17,229.71,3.40174,-513.268,523.597,0
49,18,315.37,13.0258,-556.461,524.522,0
49,19,479.75,-0.63817,-522.275,566.628,0
50,11,132.85,9.03338,-239.65,218.832,0
50,12,102.33,8.53102,-257.549,247.663,0
50,13,173.62,10.3658,-294.001,286.636,0
50,14,159.16,6.88666,-297.95,342.153,0
50,17,338.03,13.5825,-451.075,462.523,0
50,18,365.42,7.21407,-478.613,497.849,0
50,19,572.73,24.3243,-552.434,591.997,0
51,12,114.043,-2.93399,-252.169,253.694,0
51,14,107.191,4.5785,-352.347,332.08,0
51,16,241.145,8.89665,-382.982,423.196,0
51,19,245.666,13.2018,-622.973,628.356,0
51,21,580.106,37.4581,-708.223,864.828,0
51,23,558.167,6.12257,-936.861,920.815,0
51,26,911.355,3.26966,-1411.23,1522.32,0
51,28,968.113,81.4355,-1653.89,1916.21,0
51,30,1305.24,54.5704,-2137.83,2470.53,0
51,33,1425.93,197.208,-3071.75,3652.73,0
51,34,1553.7,75.3004,-3413.11,4148.31,0
52,12,144.501,9.70636,-262.841,253.067,0
52,14,146.375,-0.90261,-321.021,320.585,0
52,16,291.248,-7.0974,-368.452,413.297,0
52,19,410.386,17.9922,-599.193,572.875,0
52,21,497.112,-32.4403,-766.424,740.947,0
52,23,718.936,6.52114,-957.021,948.412,0
52,26,962.241,13.3536,-1351.84,1348.98,0
52,28,1328.39,28.2251,-1771.47,1830.66,0
52,30,1584.22,-99.9428,-2188.73,2430.45,0
52,33,2084.68,198.452,-3598.97,3094.92,0
52,34,1934.05,25.1652,-3298.51,3750.37,0
53,12,193.473,-12.5801,-255.21,267.097,0
53,14,406.921,27.0839,-312.648,333.003,0
53,16,428.764,7.21134,-399.813,403.223,0
53,19,682.999,19.1404,-571.424,642.731,0
53,21,813.478,-21.5185,-680,867.728,0
53,23,927.814,5.55476,-996.655,887.426,0
53,26,1211.29,-1.55204,-1340.95,1373.24,0
53,28,1387.6,81.0341,-1896.07,1959.2,0
53,30,1617.71,-91.0129,-2167.49,2511,0
53,33,2013.91,71.211,-3347.9,3413.07,0
53,34,2208.09,184.633,-4015.86,3361.81,0
54,12,226.836,6.2457,-243.172,256.663,0
54,14,325.931,4.67163,-301.932,315.423,0
54,16,476.807,19.2574,-424.052,454.766,0
54,19,698.404,-15.5481,-562.7,557.756,0
54,21,913.602,-12.2056,-777.144,845.876,0
54,23,976.41,4.2103,-976.582,952.055,0
54,26,1066.99,50.3098,-1520.67,1487.59,0
54,28,1557.6,61.2319,-1615.23,1767.76,0
54,30,1494.09,77.6065,-2341.32,2518.85,0
54,33,2099.06,-85.3538,-3593.01,3222.74,0
54,34,2547.82,309.44,-3355.25,3943.08,0
55,12,119.933,14.8338,-238.548,278.201,0
55,14,139.704,-15.9735,-295.184,329.179,0
55,16,193.035,1.39341,-436.807,426.312,0
55,19,99.4873,26.2594,-552.756,646.278,0
55,21,264.638,41.0886,-763.173,773.067,0
55,23,294.349,-32.1443,-983.193,1032.72,0
55,26,456.865,-27.8153,-1325.73,1417.18,0
55,28,607.502,-54.9906,-1661.45,1673.88,0
55,30,742.495,10.9428,-2283.81,2161.12,0
55,33,953.48,81.6842,-3382.31,3436.27,0
55,34,1240.46,58.8833,-3805.72,3791.88,0
56,12,182.716,-6.71667,-265.944,271.338,0
56,14,193.741,-0.124274,-323.121,339.54,0
56,16,393.636,23.6263,-420.213,438.487,0
56,19,545.587,-0.918355,-595.194,629.075,0
56,21,691.771,-31.7907,-717.57,766.613,0
56,23,929.922,8.76352,-893.953,1050.73,0
56,26,1063.77,8.00318,-1302.19,1377.65,0
56,28,1369.19,34.1405,-1733.45,1688.43,0
56,30,1542.25,-42.5949,-1880.16,2335.02,0
56,33,1919.13,-17.0868,-3343.83,3374.07,0
56,34,1834.73,334.128,-3874.67,4029.58,0
57,12,145.251,3.85357,-273.551,238.532,0
57,14,161.978,15.9195,-323.142,321.599,0
57,16,172.664,17.1938,-399.121,449.091,0
57,19,247.5,36.6688,-545.031,629.69,0
57,21,611.5,19.9297,-729.149,741.226,0
57,23,682.208,-4.63385,-902.996,973.294,0
57,26,1047.13,93.3919,-1440.33,1442.83,0
57,28,1274.69,112.875,-1560.23,2232.92,0
57,30,1527.08,41.8733,-2539.66,2524.7,0
57,33,1711.01,18.249,-3241.09,3456.54,0
57,34,1672.88,95.0138,-3652.07,3581.52,0
58,12,138.583,3.00152,-250.859,279.445,0
58,14,210.632,8.24425,-294.078,318.399,0
58,16,344.98,-9.27795,-404.808,426.524,0
58,19,422.137,7.36925,-619.798,640.094,0
58,21,794.987,57.3857,-666.525,757.696,0
58,23,774.592,17.7269,-1068,932.617,0
58,26,1155.58,-31.4108,-1397.29,1404.82,0
58,28,1682.54,17.1973,-1823.88,1688.88,0
58,30,1867.22,25.4996,-2152.17,2321.65,0
58,33,2176.04,68.2693,-3200.43,3305.54,0
58,34,1544.13,247.668,-3917.99,4415.31,0
59,12,145.703,-0.986638,-267.713,253.467,0
59,14,170.272,19.0012,-288.038,319.215,0
59,16,354.865,10.1526,-385.366,443.205,0
59,19,556.421,-16.4558,-586.678,530.606,0
59,21,608.512,25.6459,-707.373,797.007,0
59,23,776.403,-27.224,-976.123,1102.24,0
59,26,906.278,-20.7692,-1427.54,1500.44,0
59,28,1237.37,124.212,-1596.48,1805.25,0
59,30,1740.83,93.5309,-2090.43,2393.94,0
59,33,2213.39,93.5513,-3226.56,3184.66,0
59,34,2424.85,35.6487,-3884.68,3540.7,0
60,13,155.401,2.68005,-294.135,309.329,0
60,15,298.757,-3.53838,-364.33,419.132,0
60,18,427.251,1.51991,-551.879,571.357,0
60,20,617.047,34.1332,-709.723,696.913,0
60,22,747.662,2.85124,-947.61,889.736,0
60,25,722.569,97.2575,-1083.38,1432.05,0
60,27,826.85,30.4237,-1508.07,1722.13,0
60,29,1120.75,48.3179,-2044.2,2096,0
60,32,1287.1,20.0184,-2631.74,2738,0
60,34,1496.71,-47.1722,-4080.69,3717.88,0
61,13,194.176,14.5234,-278.895,319.104,0
61,15,280.384,10.4434,-371.113,415.314,0
61,18,394.649,27.6087,-522.558,559.487,0
61,20,492.485,18.122,-721.23,724.442,0
61,22,577.519,-17.4872,-919.353,819.859,0
61,25,834.475,63.8935,-1131.71,1315.52,0
61,27,955.389,15.427,-1617.9,1658.78,0
61,29,1083.74,-73.5715,-2183.1,2108.21,0
61,32,1248.44,53.1947,-2886.98,3132.16,0
61,34,1234.36,-108.082,-4232.41,3804.19,0
62,13,152.437,14.0076,-303.756,311.222,0
62,15,221.42,-0.463483,-372.2,416.41,0
62,18,297.443,8.82937,-518.093,514.271,0
62,20,466.181,25.9938,-628.158,680.666,0
62,22,476.699,15.9524,-830.101,884.345,0
62,25,610.53,26.6792,-1143.09,1310.71,0
62,27,728.42,-58.0766,-1696.96,1404.82,0
62,29,822.484,62.9968,-2018.51,1812.53,0
62,32,1121.04,-39.9547,-3233.46,3108.77,0
62,34,1208.28,64.28,-3645.27,3605.05,0
63,13,97.7039,19.7106,-299.275,315.606,0
63,15,136.488,-13.8606,-393.655,358.019,0
63,18,279.856,-7.01117,-528.951,485.794,0
63,20,421.972,5.81247,-700.549,728.741,0
63,22,510.454,-24.3854,-894.472,825.333,0
63,25,767.745,-35.9956,-1204.12,1270.26,0
63,27,623.676,-33.1982,-1636.09,1784.55,0
63,29,860.799,45.6711,-2004.1,1947.01,0
63,32,1128.57,-90.2705,-2996.67,2872.25,0
63,34,1305.96,68.1362,-3820.03,3520.98,0
64,13,80.519,13.1166,-276.021,286.592,0
64,15,192.055,5.47016,-353.437,387.574,0
64,18,303.697,3.82903,-524.664,531.436,0
64,20,419.476,72.4295,-551.139,806.105,0
64,22,642.738,-1.92857,-860.856,912.939,0
64,25,772.402,6.45334,-1231.67,1239.74,0
64,27,855.324,50.2757,-1581.09,1708.31,0
64,29,1007.72,48.0994,-2028.73,2014.23,0
64,32,1341.8,11.7175,-3367.08,3129.11,0
64,34,1508.23,246.746,-3365.14,4442.58,0
65,13,52.0135,13.7291,-295.911,302.143,0
65,15,108.759,4.46313,-357.626,379.019,0
65,18,202.122,11.2725,-527.62,532.019,0
65,20,263.333,6.78484,-666.025,643.96,0
65,22,586.793,-25.1967,-870.707,959.985,0
65,25,1060.87,45.6071,-1338.42,1141.96,0
65,27,1016.31,73.43,-1772.85,1757.64,0
65,29,1041.07,103.517,-2070.85,1982.08,0
65,32,1901.52,20.9066,-2803.86,2985.54,0
65,34,2036.07,58.8817,-3449.37,4287.11,0
